200 902 18

600

0 116 91 4
0 72 6 2
0 155 40 2
0 10 17 4
0 5 98 1
0 35 85 5
0 137 8 4
0 111 49 2
0 31 70 6
0 107 54 1
1 170 80 1
1 146 12 5
1 56 24 2
1 3 16 1
2 61 23 3
2 136 67 2
2 21 90 5
2 177 90 3
2 99 59 2
2 7 58 2
2 53 77 6
2 183 8 2
3 65 2 6
3 119 89 2
3 80 71 2
3 78 11 3
3 55 10 6
3 67 68 6
3 129 55 5
3 134 3 2
4 66 44 1
4 11 21 5
4 178 30 6
4 198 8 5
4 195 21 2
4 148 92 1
4 133 65 1
5 76 54 3
6 73 44 5
6 69 67 2
6 7 22 4
6 60 51 6
6 145 40 3
7 177 75 6
7 156 39 6
7 116 85 1
7 110 19 3
7 77 17 4
7 145 33 4
7 114 75 1
7 118 64 6
7 130 12 2
8 105 56 5
8 55 67 5
8 21 3 5
9 119 65 6
9 127 67 3
9 187 100 5
9 157 2 6
9 118 70 3
10 13 9 6
10 12 4 3
10 195 84 6
10 31 72 4
10 86 78 5
10 185 64 2
11 121 48 1
11 33 49 1
11 39 68 4
11 43 75 3
11 88 67 2
11 45 56 5
12 134 72 2
12 176 63 3
13 84 74 4
13 135 94 6
13 44 7 3
13 115 56 2
13 179 12 6
13 181 14 1
13 145 42 6
14 170 97 5
14 86 13 6
14 113 24 6
14 107 66 1
14 77 67 5
14 60 17 2
14 164 85 3
14 185 97 2
15 16 76 6
15 65 85 3
15 160 11 2
16 116 89 6
16 177 17 1
16 83 7 4
16 17 61 3
16 30 74 6
17 126 87 2
17 156 82 4
18 56 9 4
18 60 29 2
18 27 30 3
18 155 68 5
19 127 2 1
19 122 49 6
19 50 16 1
19 152 26 3
19 145 16 6
19 109 77 1
19 46 79 1
20 178 63 3
21 158 90 6
21 117 85 4
21 164 50 1
21 124 65 1
21 144 48 3
21 32 10 2
21 155 92 3
21 87 77 1
22 121 45 1
23 158 38 6
23 159 59 6
23 54 62 3
23 196 51 1
23 53 29 6
23 124 74 3
23 94 10 6
23 55 100 3
23 26 69 2
23 98 72 3
24 75 33 6
25 34 30 3
25 111 81 5
25 199 57 1
25 57 13 4
25 59 4 6
25 42 49 1
25 129 70 3
26 92 20 1
26 184 70 2
26 69 48 1
27 65 11 6
27 121 30 5
27 75 50 2
27 178 70 1
27 81 71 6
27 111 74 6
27 130 80 1
27 140 82 4
28 105 22 4
28 146 4 6
28 172 67 5
28 163 13 1
28 82 80 6
28 180 97 3
28 48 27 1
28 103 68 5
29 100 40 4
29 132 41 3
29 82 1 3
29 60 31 5
29 113 88 5
29 39 87 5
30 179 18 6
30 120 46 5
30 130 74 3
30 107 64 5
31 63 6 5
31 186 58 5
31 32 9 6
31 140 13 6
31 174 50 3
31 99 63 4
31 58 86 6
31 191 89 3
31 138 95 4
32 88 30 4
32 116 30 3
32 87 80 1
32 191 73 6
32 102 84 2
32 125 64 1
32 95 60 3
33 46 50 5
33 81 31 6
33 194 41 4
33 163 1 1
33 120 8 6
33 106 16 2
33 74 54 4
33 58 95 4
34 142 71 1
34 137 32 5
34 180 19 6
34 174 4 3
34 133 1 4
34 169 96 4
34 117 95 2
34 157 96 3
34 101 82 2
34 162 28 2
35 108 34 1
35 72 95 1
35 74 87 6
35 97 16 5
35 144 65 4
35 195 53 1
35 170 13 2
35 192 30 6
36 82 4 4
36 180 58 3
36 145 71 6
36 59 29 5
36 94 22 2
37 195 31 2
37 132 98 6
37 68 77 4
37 46 36 2
37 118 88 5
37 153 6 4
37 119 9 3
37 133 27 1
38 196 64 1
38 188 68 2
38 164 45 1
38 74 71 2
38 51 28 6
38 198 53 5
38 172 46 2
38 40 16 4
38 59 69 4
38 43 41 1
39 94 8 3
39 111 7 6
39 133 43 4
39 54 54 3
39 129 63 5
39 176 20 2
39 63 14 2
40 192 10 5
40 148 68 3
40 194 91 5
40 159 1 2
41 69 61 6
41 171 96 5
41 174 44 3
42 173 51 2
42 135 62 4
43 121 67 2
43 181 4 2
43 182 61 5
43 89 74 6
43 126 88 2
43 111 23 2
43 104 86 2
43 94 77 2
43 100 76 4
44 76 53 5
45 132 71 1
46 173 73 6
46 118 83 4
46 141 86 3
46 190 56 2
46 149 64 6
46 189 33 2
46 194 4 5
46 121 84 4
46 137 55 5
47 180 38 1
47 146 38 6
47 72 99 2
48 64 6 4
48 70 63 1
48 199 62 4
48 71 95 2
48 113 95 4
48 196 66 6
48 118 7 5
49 75 62 4
49 186 79 5
49 160 82 5
49 100 100 5
49 120 98 4
49 182 4 5
50 128 83 5
50 60 62 6
50 97 27 1
50 124 56 5
50 56 12 1
50 118 23 4
51 92 9 3
51 142 15 6
51 176 30 5
51 155 44 2
51 193 48 1
51 63 36 2
51 150 98 1
51 165 26 3
52 103 44 3
52 170 88 2
52 105 14 3
52 56 28 1
52 131 72 3
52 121 76 4
52 115 61 3
53 123 23 4
53 141 26 1
53 86 78 6
53 195 52 6
53 57 1 4
53 186 12 6
53 99 91 6
53 66 32 4
53 59 21 2
53 89 72 4
54 130 35 6
54 149 35 3
54 187 26 2
54 80 19 5
54 179 10 5
54 95 99 6
54 143 100 4
54 116 89 1
54 165 35 2
55 118 94 4
56 118 36 6
56 193 78 5
56 108 6 1
56 189 100 4
57 114 65 1
57 62 19 2
57 95 90 4
57 142 53 2
57 108 96 4
57 194 85 1
58 157 63 5
58 165 64 3
58 116 3 4
58 67 88 6
58 175 23 2
58 135 77 4
58 74 62 3
59 63 22 4
59 187 29 6
60 131 98 6
60 133 48 3
60 71 2 2
60 154 49 4
60 125 76 4
60 156 37 6
60 167 90 3
60 196 37 1
60 176 12 3
60 138 39 6
61 132 66 1
61 179 80 5
61 71 30 6
61 198 38 2
62 101 47 3
62 141 84 4
62 107 14 4
62 113 71 5
63 158 35 5
63 125 48 6
63 74 95 5
63 153 34 1
63 86 65 2
63 118 81 2
63 119 50 3
63 152 40 5
64 163 64 4
65 145 50 4
65 140 80 1
65 71 94 1
66 102 30 4
66 69 35 4
66 177 3 2
66 122 88 1
66 88 49 6
66 107 16 6
66 117 46 3
66 158 19 4
66 79 55 5
67 113 60 4
67 165 75 4
67 99 16 6
67 98 92 5
67 105 12 3
67 70 33 5
67 181 18 6
68 116 87 2
68 100 41 3
69 80 53 1
69 154 42 1
69 174 97 2
69 187 98 1
69 152 23 6
69 183 75 5
70 174 31 5
70 72 53 3
70 135 96 3
70 169 79 5
70 90 53 5
70 199 90 5
70 183 32 3
70 197 6 5
71 151 3 6
71 134 55 4
71 164 52 1
72 79 34 3
72 167 47 6
73 100 64 1
73 85 32 6
74 84 73 4
75 129 90 3
75 123 57 3
75 152 17 4
75 163 17 3
75 177 83 3
75 94 1 3
75 176 33 6
76 125 37 5
76 78 70 6
77 123 100 2
77 93 68 2
77 194 7 1
77 96 95 5
77 110 9 2
77 89 100 4
77 151 53 2
78 91 15 2
78 166 29 5
78 115 23 2
78 199 42 4
79 171 42 3
79 126 20 4
79 119 11 2
80 177 91 4
80 111 60 4
80 188 47 4
80 175 89 3
80 128 24 1
80 138 94 6
80 198 12 4
80 186 32 5
80 135 92 6
81 144 22 6
81 90 83 6
81 126 90 2
81 108 29 5
81 181 13 4
81 143 89 6
81 140 88 2
81 104 90 3
82 118 61 1
82 83 4 1
82 94 21 6
83 178 86 5
83 171 46 5
83 92 47 1
83 196 38 2
83 155 15 1
83 167 47 6
83 91 63 4
83 162 30 6
83 139 49 1
84 127 57 4
84 108 12 3
84 170 12 1
84 189 7 4
84 122 80 3
85 147 67 1
85 92 6 3
85 128 36 3
85 144 52 6
85 139 4 3
85 192 60 6
85 100 94 3
86 98 57 4
86 146 21 4
86 156 30 4
86 115 85 1
86 117 92 4
86 91 74 2
86 104 29 4
87 151 98 3
87 185 62 1
87 157 87 5
87 194 14 1
88 107 36 6
88 184 36 6
88 123 4 5
88 161 63 4
88 178 77 2
88 109 4 1
88 138 48 4
89 97 1 5
89 112 50 6
89 158 77 1
89 149 66 4
89 186 27 3
89 102 97 1
89 191 61 4
89 125 28 2
90 135 88 4
90 138 78 5
90 98 37 2
91 94 83 3
91 144 59 5
91 136 82 6
91 138 45 3
92 124 20 5
92 107 52 2
92 134 51 5
92 154 46 3
92 166 79 3
92 129 6 6
92 159 29 4
92 121 65 3
92 186 9 5
93 104 54 3
93 128 86 4
93 117 41 6
93 109 38 2
94 119 19 6
94 167 5 1
94 120 72 3
94 128 91 2
94 125 68 2
95 190 65 6
95 187 64 4
96 140 26 4
96 198 21 4
96 104 66 1
96 182 76 3
96 199 41 1
96 134 78 6
96 112 38 2
96 113 42 5
97 102 58 3
97 185 44 4
97 126 83 1
97 132 82 5
98 161 56 1
98 156 83 4
98 181 38 3
98 126 49 2
98 117 19 2
98 135 66 6
99 171 83 6
99 152 96 3
100 107 54 4
101 134 56 4
101 155 35 1
101 152 71 6
101 181 59 3
102 120 32 1
102 110 64 5
102 127 36 1
102 172 70 4
102 158 14 2
102 111 25 4
102 188 46 3
102 159 48 6
102 142 82 2
102 186 87 4
103 113 73 3
103 147 53 4
103 169 35 6
103 148 34 6
103 151 1 3
103 120 87 3
104 174 97 1
104 191 58 2
104 134 52 5
104 108 88 5
104 185 40 3
104 184 89 5
104 196 93 6
104 188 42 4
104 186 3 1
104 153 80 5
105 116 82 3
105 137 20 4
105 113 83 1
105 106 98 5
106 154 62 6
106 128 10 3
106 153 22 1
106 151 97 3
106 180 11 3
106 149 82 6
106 197 25 5
107 135 34 2
107 175 48 3
107 136 35 2
107 147 10 4
108 136 99 5
108 114 99 3
108 172 30 6
108 149 48 1
108 141 42 1
108 196 11 1
108 188 48 3
108 197 89 4
108 147 36 4
108 184 46 1
109 135 56 3
109 121 62 6
109 185 8 6
109 130 35 4
109 126 46 4
109 177 12 2
110 123 58 5
110 114 44 4
111 162 77 4
111 150 27 1
111 195 48 2
111 180 59 4
111 191 100 4
111 199 60 2
112 186 49 3
112 179 15 6
112 170 72 1
112 124 40 2
112 182 93 2
112 174 98 6
112 152 87 1
112 167 82 2
113 153 39 2
113 180 85 2
113 116 79 5
114 119 26 2
114 179 19 6
114 172 89 1
114 176 30 5
114 126 96 4
114 124 77 6
114 197 72 6
114 167 51 3
114 185 47 1
115 134 31 4
116 197 11 5
116 183 76 6
116 150 69 3
116 119 79 2
116 161 20 5
116 174 41 5
117 153 40 4
117 167 93 1
117 142 73 4
117 129 88 6
117 185 8 4
118 168 79 5
118 184 33 1
118 186 19 3
118 187 7 3
119 198 66 2
119 133 100 5
119 150 66 1
119 124 82 1
120 135 50 5
120 162 90 6
120 161 16 6
121 179 39 5
121 140 52 6
121 197 76 4
121 167 35 4
121 152 76 6
121 156 100 6
121 191 40 4
121 145 61 2
122 129 3 1
122 150 28 6
122 155 33 2
122 193 58 6
122 172 33 4
122 198 65 4
122 125 9 1
122 149 3 5
122 195 59 3
122 128 83 6
123 129 39 4
123 128 39 3
123 195 93 5
124 171 84 5
125 187 78 1
125 142 75 5
125 162 44 2
125 170 57 1
126 141 44 1
126 182 71 2
126 134 99 2
126 166 35 6
126 197 41 2
126 131 31 3
126 152 65 2
126 162 3 2
126 176 14 1
127 189 3 1
128 192 20 6
128 145 5 2
128 143 68 4
128 146 81 4
128 177 87 3
128 199 86 6
129 150 96 4
129 185 62 4
130 153 15 1
130 179 66 2
130 155 63 2
131 141 30 5
131 136 21 3
131 196 48 3
131 168 61 4
131 148 61 1
131 147 40 2
131 182 12 1
131 134 27 5
132 152 26 4
132 179 77 2
132 187 74 5
132 181 46 2
132 185 4 1
132 198 94 6
132 160 62 5
132 133 78 2
132 144 9 2
133 178 95 6
133 198 1 3
133 174 48 6
133 167 6 5
134 189 2 5
135 142 60 2
135 161 84 5
135 175 20 3
135 187 85 4
135 140 35 5
135 154 43 1
136 139 5 4
136 151 14 2
136 154 49 6
137 164 64 3
137 198 68 3
138 189 23 1
138 162 60 3
139 149 42 4
139 154 86 1
139 158 88 2
139 157 65 5
140 157 38 2
140 173 7 3
140 195 100 1
141 188 54 5
141 159 89 3
141 142 30 3
142 153 37 3
142 161 16 1
142 150 88 3
142 192 67 6
142 168 96 3
142 188 47 2
143 148 80 2
144 196 26 2
144 170 34 6
145 183 35 2
145 189 36 3
145 194 66 5
145 146 77 5
145 166 72 2
145 179 53 2
145 196 93 2
145 163 31 5
145 149 67 6
146 177 8 2
146 180 6 4
146 182 15 5
146 192 95 3
146 171 71 3
146 191 57 5
147 193 39 4
147 164 76 3
147 169 54 2
147 155 68 6
147 192 88 4
147 177 40 1
147 158 100 1
147 159 58 6
148 166 91 3
148 192 97 3
148 171 64 3
148 160 83 1
148 149 10 4
148 180 87 5
149 158 7 1
150 192 48 1
150 174 50 3
150 194 58 5
150 170 92 3
151 155 36 3
151 189 62 5
151 153 22 2
151 160 58 4
151 172 62 1
151 161 66 5
151 159 89 3
151 193 72 4
151 182 7 3
152 178 6 4
152 157 8 1
152 163 57 4
152 156 45 4
153 189 96 3
153 157 22 2
153 176 44 1
153 182 31 5
153 184 7 3
154 178 20 1
154 161 78 2
154 165 98 1
154 199 95 2
154 195 83 6
154 164 56 1
154 173 53 4
155 166 85 1
155 189 30 1
155 157 76 3
155 182 33 3
155 169 11 4
155 173 53 4
155 156 72 6
156 158 26 4
156 191 22 3
157 171 40 5
158 169 10 4
158 192 46 4
158 171 6 5
158 167 73 5
158 190 15 2
158 199 39 6
159 165 1 6
159 187 87 2
159 191 36 5
159 168 33 6
160 168 62 6
160 166 37 1
160 162 64 6
160 172 89 4
160 169 29 6
160 165 62 2
161 184 34 2
162 181 11 1
162 191 67 5
162 165 56 6
162 197 3 5
162 171 72 4
162 188 45 6
162 194 1 4
163 168 37 4
163 173 46 2
163 165 40 1
163 183 59 3
163 184 96 5
164 172 30 4
166 181 1 1
166 168 78 4
166 194 42 4
166 190 58 5
167 190 69 2
167 173 10 6
167 199 81 2
167 183 20 4
168 175 53 4
169 183 15 6
169 181 18 1
169 170 54 6
169 176 96 3
170 176 35 6
170 183 91 4
170 188 39 5
170 173 24 3
170 184 25 1
171 180 40 3
171 178 39 4
171 172 7 4
172 184 74 6
172 173 50 4
174 175 74 5
175 183 44 1
175 190 28 3
177 197 65 5
178 188 96 3
180 197 50 5
180 193 92 3
180 190 69 3
184 190 12 1
187 193 95 4
188 190 12 5
189 190 12 2
189 193 55 4
190 193 45 1
192 193 9 4

0 47 28
1 20 29
2 109 88
3 75 16
4 98 87
5 83 14
6 90 17
7 46 49
8 13 69
9 70 64
10 30 28
11 42 59
12 163 5
13 41 12
14 171 26
15 8 92
16 124 96
17 138 6
