160 1012 72

1800

0 90 24 4
0 52 71 2
0 33 53 4
0 9 77 3
0 158 13 6
1 85 33 4
1 22 38 2
1 144 96 6
1 86 69 5
1 97 72 1
1 107 49 6
2 124 27 6
2 38 91 3
3 16 91 3
3 142 85 2
3 96 69 5
3 133 9 4
3 26 7 4
3 8 93 1
3 14 47 4
3 110 90 5
4 36 53 1
4 125 97 5
4 76 16 4
4 62 6 4
4 100 56 6
4 118 88 4
4 137 69 5
5 85 47 4
5 109 28 2
6 83 26 3
6 99 42 3
6 45 5 3
6 87 88 2
6 156 33 6
6 153 22 6
6 113 31 1
6 11 2 1
6 77 73 4
6 28 100 6
6 108 92 2
6 38 32 5
6 74 45 2
6 10 37 2
7 156 60 3
7 133 64 2
7 20 59 3
7 158 73 3
7 118 63 3
7 78 89 2
7 25 30 4
7 152 87 4
7 72 78 4
7 32 75 4
8 128 56 4
8 24 91 5
8 141 97 1
8 95 94 5
8 151 29 4
8 43 40 5
8 27 69 1
8 89 85 6
9 152 36 5
9 14 3 4
9 27 20 3
9 137 53 5
9 127 41 5
9 52 4 2
9 53 80 4
10 53 55 1
10 81 14 6
10 130 63 3
10 77 56 5
10 126 40 2
10 31 32 5
10 88 55 2
11 75 49 3
11 154 55 6
11 92 49 5
11 123 10 1
11 128 67 2
11 153 9 6
11 73 68 5
11 61 27 4
11 144 15 2
11 122 92 5
11 22 46 6
11 50 85 6
11 32 80 3
11 99 71 2
12 103 67 1
12 86 22 2
12 72 35 2
12 15 91 2
12 66 92 4
12 100 46 5
12 102 15 4
12 92 63 5
12 25 71 2
12 93 5 6
12 154 73 2
12 147 91 5
12 64 18 6
13 33 56 2
13 35 48 5
13 117 77 2
14 119 71 4
14 23 29 5
14 79 78 1
14 150 21 5
14 130 67 1
14 87 68 6
15 92 8 6
15 59 72 3
15 77 18 2
15 48 3 3
15 64 21 5
15 32 74 6
15 150 30 4
15 122 41 6
15 18 44 4
16 59 2 5
16 109 65 4
16 97 40 3
16 49 90 2
16 70 65 3
16 102 30 6
16 27 24 1
16 103 26 2
17 58 31 2
17 26 44 2
17 50 74 4
17 25 16 3
17 65 17 1
17 102 30 3
17 157 86 4
17 116 56 6
17 128 78 6
17 41 30 6
17 31 68 6
17 100 94 1
17 19 2 1
17 52 59 4
18 33 93 3
18 152 36 1
18 56 94 3
18 107 56 5
18 32 61 3
18 156 75 4
18 38 62 6
18 114 92 6
18 27 65 5
18 77 31 6
18 80 83 4
18 157 6 1
18 95 56 5
19 131 85 6
19 68 82 6
19 37 79 1
19 42 52 1
19 100 46 2
19 140 67 6
19 132 31 4
19 156 6 5
19 58 16 3
19 41 88 4
19 24 42 1
19 121 20 5
20 107 13 2
20 78 68 3
20 137 18 2
20 31 26 1
21 103 22 2
21 74 22 5
21 32 19 2
21 64 23 2
21 70 17 3
21 158 20 3
21 61 48 2
21 116 28 1
21 76 92 6
21 39 30 5
21 152 81 2
21 71 62 4
21 98 65 1
21 125 85 5
22 157 79 2
22 83 37 4
22 154 51 4
22 50 7 1
22 129 20 2
22 134 12 3
22 55 91 3
23 140 59 2
23 55 97 6
23 48 95 6
23 51 59 2
24 44 27 3
24 79 16 6
24 141 47 2
24 112 92 3
25 109 60 4
25 32 32 3
25 155 56 1
25 82 11 3
25 103 83 4
25 48 24 3
25 34 78 4
25 125 38 3
26 106 80 2
26 54 23 1
26 122 25 5
26 44 75 4
26 85 8 4
26 147 92 2
26 139 30 2
26 70 54 5
26 113 36 3
26 93 76 5
26 152 59 2
26 133 93 1
27 104 22 5
27 42 25 1
27 34 28 5
27 159 9 1
27 46 10 6
27 113 60 5
27 54 19 3
27 68 49 5
28 35 39 5
28 83 25 3
28 149 29 6
28 86 91 2
28 67 17 1
28 153 88 3
29 58 90 3
29 121 1 6
29 114 49 4
29 142 61 2
29 98 69 5
29 102 96 2
29 40 37 6
30 85 56 5
30 136 59 1
30 73 54 5
30 101 74 2
30 50 73 2
30 92 97 1
30 98 92 5
31 117 58 3
31 116 36 1
31 84 24 4
31 132 16 6
31 140 59 5
31 90 24 5
31 44 18 4
31 45 25 6
31 138 90 3
31 39 97 4
31 55 2 1
31 76 53 3
32 36 42 5
32 94 10 2
32 41 7 1
32 81 49 2
32 150 59 6
32 40 58 1
32 70 25 5
32 99 28 4
32 132 71 6
33 153 23 1
33 92 56 4
33 69 78 2
33 119 78 5
33 139 63 2
33 156 46 1
33 97 25 3
33 137 11 4
33 127 61 5
33 123 57 2
33 71 24 5
34 63 23 2
34 93 92 4
34 87 79 3
34 41 70 4
34 37 7 3
34 66 34 2
34 157 98 2
34 74 38 4
34 35 93 4
34 44 51 3
34 153 98 5
34 145 16 4
34 78 77 2
34 125 62 3
35 133 35 3
35 141 49 2
35 46 82 1
35 78 50 3
35 71 50 2
35 113 50 5
35 119 11 6
35 145 66 5
35 109 79 3
35 42 73 6
35 87 92 1
36 77 78 6
36 82 30 6
36 97 95 1
36 55 13 4
36 68 93 1
36 112 90 6
36 133 82 1
36 144 32 3
36 120 99 3
36 87 15 3
36 63 84 4
36 154 43 6
36 84 27 5
36 78 24 5
37 115 61 4
37 133 52 3
37 159 38 5
37 85 37 6
37 58 33 3
37 74 1 2
37 106 45 2
37 137 100 3
37 55 20 6
37 88 57 6
37 70 40 4
37 82 12 2
37 51 81 3
37 71 95 1
38 120 85 4
38 47 17 2
38 110 62 2
38 80 82 1
38 121 62 5
38 40 91 1
38 159 50 4
38 138 34 4
38 124 84 3
38 155 75 3
38 133 25 5
39 152 29 3
39 88 82 2
39 120 38 1
39 114 9 2
39 46 60 3
39 101 96 1
39 94 90 5
39 144 86 3
39 99 17 1
39 82 69 1
39 102 78 5
40 55 56 6
40 94 66 6
40 129 80 4
40 123 62 6
40 87 25 6
40 117 49 2
40 104 23 5
40 52 96 4
40 100 59 3
40 68 64 3
40 57 34 2
40 90 35 1
41 94 46 4
41 57 10 3
41 140 28 6
41 109 37 3
42 101 37 6
42 65 65 6
42 118 97 1
42 112 26 2
43 135 35 3
43 104 5 3
43 146 80 3
43 66 53 4
43 49 56 5
43 55 19 5
43 88 88 3
43 136 67 3
43 128 84 5
43 113 97 1
43 126 19 1
43 105 9 3
43 51 30 2
43 111 13 1
44 134 3 3
44 88 54 6
44 101 56 1
44 54 58 5
44 145 32 3
45 135 54 2
45 98 81 2
45 96 26 5
45 94 98 4
45 83 9 2
45 136 11 4
45 86 32 4
45 75 42 1
45 114 97 6
45 87 42 3
45 91 38 5
45 60 11 6
46 56 57 2
46 53 5 1
46 102 83 2
47 154 96 4
47 143 2 3
47 157 90 2
47 117 17 6
47 69 60 2
47 116 82 3
47 87 98 4
47 134 21 3
47 151 91 3
47 144 27 5
47 150 19 3
47 101 46 3
47 110 36 6
47 60 51 5
48 65 24 1
48 120 29 4
48 157 40 4
48 125 29 4
48 58 31 2
48 119 75 6
48 92 24 3
48 110 81 4
48 140 69 5
48 66 92 6
48 117 3 1
49 136 78 1
49 51 61 5
49 117 88 5
49 106 41 6
49 126 3 6
49 86 67 4
49 146 63 4
49 144 97 2
50 115 50 2
50 118 66 2
50 101 52 5
50 88 3 2
50 65 92 1
50 126 53 3
50 155 85 3
50 128 21 5
50 112 95 5
50 89 7 3
51 95 98 6
51 85 89 4
51 152 97 5
51 153 16 2
51 66 32 4
51 84 33 5
51 75 76 6
52 97 22 2
52 135 97 2
52 112 2 1
52 117 47 1
52 63 38 5
52 146 7 1
52 140 7 3
52 80 88 6
52 67 71 4
52 96 25 5
52 76 66 5
52 54 58 2
52 131 17 1
53 92 68 1
53 99 9 5
53 156 29 1
53 78 66 6
53 94 7 4
54 72 28 5
54 105 76 3
54 85 40 5
54 130 88 4
54 108 7 1
54 65 66 5
54 139 50 6
55 113 56 6
55 129 65 5
55 72 87 5
56 71 66 5
56 139 29 1
56 91 43 6
56 99 82 6
56 150 73 6
56 141 24 4
56 144 57 6
56 120 8 6
56 153 53 2
56 116 62 3
56 128 6 1
56 62 29 2
56 86 63 2
56 140 92 6
57 159 30 4
57 90 65 4
57 69 18 5
57 94 83 3
57 78 44 3
57 126 53 5
57 63 46 3
57 154 34 6
57 153 95 5
57 135 54 6
57 82 41 3
57 60 58 1
57 155 47 1
58 130 26 3
58 88 41 5
58 118 88 5
58 68 59 2
58 69 20 4
58 64 90 3
59 117 65 3
59 112 37 6
59 143 36 4
59 115 81 4
59 132 80 3
59 136 82 1
59 85 37 5
59 124 70 5
59 155 96 3
60 123 12 4
61 64 8 5
61 137 22 3
61 87 65 3
61 105 64 3
61 111 34 5
61 97 55 3
61 89 24 2
61 147 81 2
61 73 48 5
61 154 67 2
62 105 8 6
63 145 16 5
63 119 27 4
63 90 14 1
63 128 90 5
63 158 87 5
63 113 72 5
63 157 33 4
63 139 60 6
63 77 77 1
64 68 68 2
64 98 55 4
64 102 32 1
64 113 75 6
64 155 20 1
64 105 79 3
64 110 75 1
64 126 19 6
65 158 12 4
65 112 4 6
65 89 76 3
65 130 94 5
65 151 91 3
65 77 47 6
65 92 10 6
65 148 5 4
65 85 81 6
65 69 64 3
65 114 61 2
65 102 25 3
65 75 92 4
65 143 36 5
66 113 18 6
66 121 62 2
66 156 99 3
67 140 76 4
67 103 91 6
67 100 72 2
68 75 31 1
68 137 31 1
68 135 27 2
68 155 46 6
68 154 64 4
68 90 77 1
68 149 97 3
69 122 91 1
69 137 4 3
69 146 77 4
69 88 47 3
69 130 91 5
69 124 35 5
69 153 88 6
69 98 85 6
69 102 15 5
69 105 83 4
69 125 99 6
70 143 71 1
70 156 9 4
70 111 37 2
70 153 78 3
70 145 20 4
70 95 52 3
70 105 77 3
70 150 76 3
70 81 22 1
70 159 25 5
70 100 34 4
71 135 25 3
71 113 2 5
71 80 30 5
71 109 22 5
71 130 9 4
71 120 45 5
71 142 90 1
71 105 33 3
71 108 27 1
71 91 55 6
71 107 69 1
72 150 60 5
72 147 75 6
72 89 29 6
72 90 84 1
72 106 50 6
73 88 66 6
73 94 14 6
74 159 94 1
74 101 70 2
74 154 84 2
74 157 55 5
75 154 45 2
75 157 9 2
75 122 37 6
75 113 85 4
75 119 92 6
75 124 42 4
75 159 96 2
75 153 52 6
75 90 80 4
75 100 76 2
75 112 25 2
75 156 32 2
75 147 27 1
75 99 40 5
76 136 20 2
76 152 67 1
76 101 30 5
76 133 10 1
76 77 12 4
76 151 63 1
76 85 18 5
76 95 92 6
76 126 54 3
76 138 61 2
76 139 91 4
76 88 2 4
76 145 43 4
76 159 94 4
77 82 74 4
77 123 77 5
77 135 62 1
77 97 52 3
77 113 56 4
77 131 51 5
77 150 93 4
77 106 9 2
77 153 67 4
77 96 38 4
77 101 2 1
77 105 92 3
78 90 44 5
78 88 36 6
79 155 89 5
79 86 49 3
79 107 67 3
79 148 74 3
79 153 100 1
79 95 6 1
79 121 44 1
79 84 62 1
80 153 14 5
81 103 83 1
82 112 46 3
82 113 50 3
82 85 100 4
83 105 24 6
83 135 90 2
83 94 34 6
83 136 20 1
83 148 14 1
83 89 60 3
83 85 86 5
83 139 25 6
84 86 54 2
84 102 92 4
84 132 85 6
84 111 95 6
84 114 78 6
84 121 100 1
84 106 87 3
85 93 82 2
85 146 25 2
85 124 95 2
85 95 18 1
85 147 7 4
85 157 77 6
85 115 83 3
85 90 92 1
85 118 38 5
85 151 99 5
85 120 29 4
86 113 30 2
86 144 58 5
86 92 75 3
87 147 54 6
87 117 78 4
87 150 84 3
87 93 73 2
87 122 77 1
87 156 53 2
87 134 26 3
87 148 23 4
87 135 88 4
88 103 9 4
88 134 56 4
88 106 86 2
88 114 26 2
88 145 92 6
88 151 82 4
88 140 86 6
88 115 90 5
88 137 95 2
88 152 26 1
88 135 8 2
88 94 39 2
89 114 52 3
89 134 95 2
89 98 91 3
89 99 33 6
89 108 20 5
89 147 78 5
90 93 34 6
90 149 14 3
90 145 78 1
90 96 70 3
90 146 24 2
90 158 98 3
90 132 55 5
90 130 88 2
90 154 54 3
90 159 42 5
90 144 48 2
90 108 3 3
91 149 28 4
91 155 52 5
92 110 2 1
92 155 4 5
92 108 48 6
92 134 22 4
92 93 66 6
92 96 66 5
92 104 5 4
92 125 40 3
92 124 36 3
92 121 45 3
92 144 64 6
92 99 24 6
93 143 80 2
93 104 63 5
93 129 85 2
93 101 53 1
93 100 99 1
93 141 54 6
93 139 96 6
93 115 20 1
93 138 83 4
93 134 63 6
94 133 98 1
94 95 75 5
94 102 59 5
94 149 79 3
94 118 74 4
94 106 63 6
94 156 23 2
94 144 76 4
94 139 74 1
94 115 45 3
94 151 13 3
94 111 76 1
95 155 72 6
96 114 73 5
96 143 25 3
96 127 99 1
96 103 26 3
96 123 3 2
96 104 17 1
97 158 47 5
97 98 63 1
97 147 12 6
97 138 57 6
97 100 78 4
97 115 39 1
97 106 14 1
97 136 99 1
97 99 84 2
97 148 9 3
97 133 11 4
97 156 3 6
97 150 94 4
97 144 96 6
98 100 62 6
98 138 80 6
99 133 60 3
99 104 85 5
100 120 71 2
100 106 60 2
100 111 15 2
100 108 46 2
100 117 67 4
101 140 90 4
101 107 85 6
102 145 42 4
102 157 11 6
103 154 67 4
103 116 89 3
103 128 32 1
103 122 93 1
103 139 14 6
103 111 35 3
103 119 84 3
103 142 28 2
103 157 78 1
104 114 94 4
104 108 7 5
104 119 96 5
104 110 34 4
104 121 32 3
104 131 1 2
104 140 6 2
104 157 92 2
105 118 40 6
105 131 6 6
105 107 58 2
106 131 44 2
106 132 56 4
106 150 51 6
106 107 21 4
106 135 2 1
106 123 29 4
106 121 69 6
106 140 86 1
106 129 12 3
106 118 80 2
106 157 78 3
106 144 59 6
106 136 69 4
106 139 80 5
107 119 50 6
107 135 80 4
107 125 65 6
107 108 48 1
107 156 44 6
107 117 9 2
107 151 16 3
107 134 33 5
108 156 16 5
108 117 74 3
108 141 26 5
108 132 90 4
109 152 75 5
109 137 14 5
109 127 42 6
109 133 55 2
109 155 44 4
111 123 65 2
111 114 66 4
111 154 28 1
111 140 84 6
111 144 92 6
111 117 44 1
111 142 1 3
111 129 8 1
111 126 99 3
112 125 89 4
112 128 60 6
113 159 59 1
113 119 83 4
113 122 2 5
113 124 27 5
113 140 12 6
113 117 63 2
113 158 18 3
114 159 1 1
114 123 49 2
114 121 34 5
115 133 69 3
115 141 78 5
115 146 40 3
115 125 48 2
116 132 97 4
116 143 11 1
116 142 93 3
117 147 49 6
117 134 3 5
117 146 3 3
117 152 89 1
117 143 36 2
117 129 5 5
117 158 99 6
117 148 78 6
118 129 40 4
118 143 4 6
118 138 45 6
118 159 74 4
118 155 87 6
118 126 27 3
118 132 99 6
118 124 30 6
118 154 33 2
118 123 40 6
118 158 78 4
118 150 36 4
119 127 51 2
119 151 96 3
119 152 4 3
120 136 43 2
120 127 31 6
120 122 2 5
120 141 62 2
120 124 71 2
120 159 90 1
120 145 41 4
120 158 91 5
120 139 25 5
120 147 88 6
120 155 39 5
120 149 91 5
121 126 58 3
121 152 7 3
121 149 43 3
121 145 3 1
121 137 84 6
121 128 11 4
121 141 53 4
121 146 69 3
121 151 70 3
121 133 6 4
122 131 41 2
122 130 21 2
122 158 91 6
122 124 54 4
123 149 2 4
123 127 97 1
123 148 1 6
123 141 87 2
124 148 62 6
125 139 12 6
127 159 6 2
127 149 46 5
127 128 90 6
127 151 24 6
127 129 86 6
128 136 48 6
129 136 38 4
129 132 44 6
130 152 1 6
130 145 84 2
131 139 91 5
131 148 77 5
131 151 100 3
131 132 17 5
131 134 95 2
132 148 92 6
132 146 2 5
132 138 73 2
132 141 47 1
132 158 34 1
132 142 77 1
132 149 25 2
132 145 42 5
132 143 55 1
133 145 71 3
133 135 60 4
133 143 39 2
133 136 4 1
134 150 81 2
134 136 90 5
135 150 52 6
135 137 45 5
135 149 31 3
135 138 98 6
135 146 9 3
135 158 36 3
135 148 82 3
135 147 25 2
136 146 60 4
137 142 86 6
137 148 20 4
137 143 67 6
137 147 25 4
139 141 43 5
139 146 9 6
140 151 57 1
141 148 12 2
141 147 56 4
141 146 8 2
142 151 82 4
142 143 99 1
142 149 10 6
143 149 50 4
144 149 69 4
145 148 69 6

0 68 83
1 148 53
2 98 71
3 151 87
4 79 94
5 121 9
6 80 51
7 0 89
8 17 50
9 89 40
10 137 12
11 103 44
12 52 96
13 110 10
14 126 53
15 115 77
16 111 42
17 39 68
18 69 49
19 133 85
20 35 2
21 112 43
22 50 63
23 27 17
24 62 84
25 116 16
26 44 89
27 104 95
28 7 52
29 95 40
30 117 49
31 70 35
32 155 1
33 34 68
34 87 90
35 84 4
36 158 5
37 135 87
38 149 88
39 153 72
40 136 8
41 142 24
42 118 47
43 32 79
44 73 86
45 107 37
46 21 21
47 63 90
48 94 70
49 81 60
50 36 6
51 141 28
52 108 88
53 40 76
54 55 88
55 22 27
56 53 93
57 156 18
58 48 93
59 51 91
60 66 6
61 23 25
62 145 18
63 97 16
64 12 50
65 123 95
66 139 63
67 157 71
68 83 17
69 88 64
70 72 34
71 122 99
