800 5076 170

1200

0 98 35 3
0 115 17 9
0 183 29 9
0 722 39 4
0 12 47 4
0 87 12 5
0 556 43 5
0 292 28 10
1 756 28 7
1 84 38 4
1 40 31 10
1 200 45 9
1 522 47 5
1 73 36 4
1 20 10 4
1 426 50 3
1 765 30 9
1 614 45 1
1 378 13 1
1 368 15 9
2 639 37 7
2 440 16 5
2 317 27 4
2 15 6 6
2 244 46 9
2 22 4 5
2 193 9 5
2 795 23 2
2 719 9 9
2 525 44 2
3 724 32 9
3 167 7 1
3 469 12 2
3 686 26 5
3 709 34 5
3 526 2 9
4 607 47 9
4 643 48 7
4 530 45 7
4 232 11 6
4 552 43 9
4 502 48 6
4 287 7 4
5 669 37 7
5 319 24 7
5 312 45 5
5 631 47 1
5 149 26 9
5 155 15 1
6 619 16 8
6 60 14 8
6 33 49 7
6 341 16 8
6 303 15 6
6 667 35 5
6 788 44 10
6 687 48 3
6 584 32 9
7 592 51 1
7 459 18 6
7 445 34 10
7 605 29 2
7 650 25 9
7 469 15 9
7 511 11 9
7 207 32 2
8 26 45 5
8 316 42 1
8 36 7 9
8 337 37 6
8 745 10 6
8 536 12 9
8 119 18 8
8 363 44 5
8 103 43 7
8 335 39 5
8 128 28 6
9 679 25 9
9 394 7 9
9 276 33 3
9 647 35 8
9 614 30 10
9 644 16 8
9 169 40 5
9 139 46 8
9 466 35 3
9 99 40 5
9 267 6 4
9 31 36 2
9 198 13 10
9 446 18 1
10 383 26 1
10 239 10 7
10 385 17 8
10 410 26 1
10 470 24 5
10 696 43 1
10 61 51 7
11 233 2 7
11 672 48 3
11 712 34 5
11 520 28 6
11 200 44 8
11 241 19 10
11 677 10 9
11 769 15 1
12 536 19 4
12 236 50 10
12 409 12 5
12 563 24 4
12 669 27 2
12 743 7 7
12 231 17 8
12 369 23 9
12 571 24 10
13 511 41 9
13 80 49 10
13 443 9 8
13 566 51 3
13 549 19 3
13 603 21 8
13 337 6 7
13 686 41 1
14 192 32 3
14 621 47 1
14 751 39 1
14 97 5 8
14 8 50 1
14 606 25 7
15 438 33 4
15 665 25 1
15 118 21 2
15 602 49 4
15 739 22 5
15 757 17 9
15 347 15 7
16 541 17 5
16 731 46 7
16 95 16 9
16 286 4 2
16 323 40 4
16 522 42 5
16 88 35 8
16 151 7 8
16 428 45 4
17 135 12 8
17 27 45 8
17 194 38 10
17 763 45 7
17 496 24 10
17 356 33 6
17 212 35 10
17 748 23 2
17 537 50 7
17 514 5 9
18 747 7 5
18 533 13 10
18 362 6 9
18 80 31 10
18 289 7 9
18 344 5 10
19 183 45 6
19 532 3 6
19 522 8 2
19 548 37 7
19 309 15 9
19 559 39 1
19 238 26 4
19 666 3 2
19 161 31 9
19 165 50 8
20 335 18 3
20 232 31 7
20 430 39 9
20 222 36 7
20 729 19 8
20 140 22 8
20 203 26 7
21 505 14 1
21 756 38 2
21 504 28 8
21 337 45 7
21 749 4 7
21 653 19 7
21 771 26 3
21 623 40 9
21 549 21 1
21 663 28 8
21 25 4 4
21 497 17 1
21 798 18 1
21 710 22 4
22 224 50 10
22 522 49 6
22 507 7 5
22 790 51 5
22 478 43 4
22 347 37 7
22 786 24 2
23 632 3 3
23 706 17 4
23 558 33 1
23 775 6 1
23 602 24 1
23 51 20 8
24 671 11 8
24 108 37 1
24 750 47 5
24 256 16 10
24 740 18 4
24 531 13 5
24 271 38 6
24 98 26 1
24 332 36 8
24 403 21 5
24 151 21 3
24 702 17 6
24 350 7 1
25 358 2 5
25 694 31 3
25 157 38 4
25 704 51 9
25 667 35 2
25 618 34 6
25 371 9 7
26 213 12 7
26 700 29 8
26 716 29 9
26 98 48 8
26 220 7 8
26 128 29 10
26 507 14 9
26 475 24 4
26 205 6 9
26 612 20 6
26 784 6 6
26 5 11 4
26 774 21 5
27 1 13 3
27 796 20 8
27 648 6 7
27 315 39 6
27 73 11 3
28 98 3 6
28 36 7 6
28 51 47 9
28 508 18 2
28 48 34 4
28 221 3 6
28 278 25 9
29 317 4 10
29 296 27 2
29 654 12 8
29 736 26 5
29 694 49 7
29 10 6 2
29 748 12 1
30 67 26 6
30 111 37 3
30 735 43 5
30 365 42 2
30 794 28 2
30 527 15 1
30 487 49 7
30 88 14 10
30 641 10 5
30 536 50 3
31 399 18 8
31 448 26 4
31 27 10 2
31 609 8 10
31 617 14 9
32 604 44 3
32 224 50 7
32 636 40 7
32 453 31 6
32 389 37 8
32 250 8 10
32 731 51 2
32 375 35 4
32 762 20 8
32 639 42 2
32 150 11 6
32 144 9 4
33 413 43 5
33 223 16 9
33 392 47 8
33 40 27 4
33 614 20 5
33 549 23 2
33 665 6 9
33 558 49 4
33 510 16 3
34 191 38 6
34 772 8 5
34 794 38 3
34 322 8 2
34 443 33 6
34 331 43 5
34 375 25 3
34 279 14 3
34 56 25 9
35 454 44 7
35 2 40 10
35 488 5 1
35 601 11 6
35 453 23 1
35 328 27 8
35 791 19 3
35 366 45 9
35 630 38 8
36 259 24 6
36 249 17 7
36 512 24 10
36 697 7 6
36 645 45 6
36 92 38 5
36 619 20 1
36 514 2 10
36 486 25 10
37 511 22 4
37 452 39 3
37 3 12 8
37 649 9 5
37 798 13 8
37 218 34 2
37 740 33 6
37 713 19 5
37 770 41 5
37 58 4 10
37 79 47 7
37 102 28 3
38 413 46 2
38 604 12 10
38 678 15 3
38 314 40 8
38 202 41 7
38 602 27 7
38 281 17 7
39 197 31 10
39 683 36 10
39 415 29 5
39 31 5 3
39 256 15 9
39 339 4 8
39 52 34 3
39 201 25 1
39 227 11 10
39 636 12 10
40 614 47 1
40 439 6 5
40 193 37 10
40 686 30 1
40 329 9 7
40 799 44 8
41 537 18 5
41 121 51 3
41 62 45 10
41 70 29 7
41 444 7 8
41 185 26 3
41 280 2 9
41 610 27 3
41 241 49 4
41 263 31 3
41 736 26 7
41 147 25 2
41 195 27 3
42 507 19 10
42 394 28 4
42 102 51 7
42 398 3 3
42 355 24 8
42 740 12 9
42 271 43 2
42 487 9 3
42 184 50 1
43 13 26 2
43 707 42 2
43 742 7 1
43 77 18 2
43 534 6 4
43 431 49 4
43 15 5 4
43 348 6 9
44 318 18 1
44 248 25 8
44 580 32 4
44 521 26 1
44 219 51 4
44 384 21 2
44 674 28 7
44 374 30 7
44 323 19 3
45 601 29 6
45 185 3 9
45 507 2 2
45 549 10 1
45 404 29 9
45 444 8 6
45 117 26 9
45 741 33 10
46 36 43 9
46 123 31 7
46 717 23 7
46 617 27 3
46 745 22 4
46 447 47 1
46 116 37 9
46 696 11 10
46 453 29 7
46 640 36 1
46 632 30 4
47 170 46 5
47 401 31 10
47 547 9 7
47 789 49 8
47 293 42 3
47 653 9 9
47 410 6 1
47 85 15 2
47 675 15 5
47 344 47 7
47 141 37 10
48 577 48 2
48 254 39 8
48 658 36 3
48 651 12 5
48 139 33 3
48 304 19 8
49 426 38 9
49 541 29 4
49 385 48 10
49 81 22 1
49 227 18 4
49 553 33 10
49 685 41 9
49 320 27 7
49 729 28 6
49 418 49 6
49 58 50 5
49 98 12 8
49 361 27 1
49 85 9 10
50 43 14 7
50 102 51 1
50 618 37 10
50 115 36 6
50 316 7 1
50 561 29 2
50 470 3 9
50 544 30 7
50 655 28 10
50 430 7 6
50 315 33 8
50 641 4 6
50 109 22 2
50 768 7 10
51 319 38 9
51 149 10 3
51 665 37 6
51 713 45 4
51 705 42 9
51 767 11 6
51 551 6 2
51 462 17 1
51 468 4 5
51 313 51 10
52 436 18 9
52 604 8 4
52 715 16 10
52 368 45 10
52 506 15 7
52 727 13 4
53 128 44 5
53 661 40 10
53 601 44 5
53 282 6 1
53 791 31 8
53 599 32 1
53 463 38 6
53 488 30 7
53 513 8 10
53 775 16 10
53 787 34 3
53 770 8 6
53 132 43 1
53 273 40 3
54 264 28 3
54 725 34 9
54 179 31 1
54 170 29 9
54 595 10 8
54 328 44 7
54 168 30 10
54 208 17 7
54 612 47 10
55 384 45 7
55 613 42 9
55 644 51 3
55 782 41 6
55 568 9 8
55 309 6 8
55 641 44 4
55 607 30 1
55 734 11 5
55 726 19 7
55 94 28 4
55 308 2 4
56 674 33 1
56 691 14 4
56 67 8 7
56 389 35 10
56 590 18 8
56 790 30 6
56 141 34 5
56 15 14 7
56 236 28 2
56 336 47 2
57 670 40 5
57 740 5 4
57 360 50 8
57 27 47 5
57 162 25 4
57 632 49 7
57 273 10 1
58 463 26 2
58 768 9 8
58 365 15 10
58 122 32 10
59 24 3 6
59 722 5 6
59 162 3 5
59 122 50 7
59 586 45 2
59 349 8 7
59 382 38 5
59 328 7 7
59 677 31 10
59 79 32 9
59 697 26 1
59 322 33 9
59 111 31 4
59 230 42 1
60 294 49 3
60 71 22 8
60 529 51 5
60 361 37 2
60 414 21 2
60 762 33 10
60 63 13 1
60 701 45 8
61 294 27 6
61 785 37 8
61 202 2 9
61 197 33 1
61 276 21 2
61 314 16 9
61 690 32 5
61 122 43 1
62 405 38 6
62 117 14 3
62 39 20 4
62 163 32 1
62 782 5 6
62 598 24 9
62 152 51 7
62 506 33 10
62 203 43 3
63 46 36 10
63 577 37 2
63 328 14 2
63 460 35 7
63 79 20 9
63 332 32 7
63 786 8 3
63 140 4 1
63 578 22 3
63 621 47 3
64 552 40 9
64 405 10 5
64 131 38 6
64 768 26 3
64 298 51 6
64 428 17 2
64 244 22 9
64 347 16 3
64 678 18 2
65 152 33 10
65 98 48 2
65 787 28 4
65 358 9 4
65 29 5 3
65 7 43 1
65 59 32 3
65 450 11 1
65 115 20 6
65 198 24 1
65 561 6 2
66 142 31 6
66 435 28 3
66 516 21 1
66 790 17 4
66 494 31 10
66 180 10 4
66 542 46 9
66 100 4 4
66 593 7 4
66 79 45 9
66 447 12 5
66 553 27 5
67 317 9 10
67 109 27 8
67 86 13 6
67 581 14 2
67 98 49 9
67 376 43 4
68 216 3 1
68 310 42 5
68 187 15 9
68 520 48 5
68 722 23 5
68 519 14 1
68 388 34 10
68 268 14 2
68 250 12 9
68 66 38 2
68 12 24 4
68 28 15 6
68 55 49 6
69 640 20 10
69 77 7 8
69 421 42 10
69 417 39 3
69 197 10 10
69 392 37 5
69 616 37 5
69 558 24 3
69 461 45 1
69 201 40 4
69 200 47 10
69 671 49 10
70 575 9 10
70 556 48 8
70 62 17 8
70 764 23 6
70 354 24 3
70 717 45 9
70 742 31 10
70 577 39 8
70 747 6 8
70 255 45 10
71 653 46 4
71 536 2 10
71 260 49 10
71 327 46 5
71 703 27 2
72 263 17 4
72 579 25 9
72 545 42 3
72 451 18 2
72 456 35 4
72 49 10 10
72 366 6 3
72 647 49 10
72 276 44 6
72 367 4 1
72 40 47 9
72 47 4 2
72 257 21 6
72 760 25 5
73 376 47 1
73 56 25 2
73 459 27 10
73 299 32 3
73 265 12 8
74 396 19 3
74 556 30 8
74 168 19 8
74 355 6 10
74 263 4 10
74 493 19 6
74 222 51 4
74 534 17 5
74 365 33 3
74 131 11 9
75 30 15 8
75 249 26 8
75 454 11 2
75 7 4 2
75 85 51 9
75 326 33 6
75 671 5 1
75 745 17 1
75 412 34 3
75 2 41 9
75 618 9 7
75 177 31 1
76 391 23 3
76 792 48 4
76 66 19 2
76 697 36 6
76 52 38 4
76 648 34 2
77 51 6 8
77 653 28 1
77 404 44 8
77 756 24 6
77 29 49 3
77 684 34 1
77 67 36 10
77 59 40 10
77 249 18 10
77 468 41 3
77 44 37 10
78 384 45 10
78 39 51 5
78 216 46 7
78 405 26 5
78 557 36 3
78 642 18 10
78 669 24 9
78 42 10 4
78 746 25 1
79 472 17 6
79 239 15 2
79 771 4 8
79 120 17 4
79 541 30 9
79 98 21 2
80 208 39 2
80 163 39 8
80 463 35 2
80 715 17 3
80 133 4 5
81 131 32 8
81 152 26 7
81 180 8 6
81 663 9 7
81 773 5 9
81 763 3 1
81 599 33 9
81 583 28 1
81 471 3 10
82 526 8 10
82 634 50 6
82 623 21 1
82 442 15 2
82 57 43 10
82 482 37 2
82 95 26 8
82 494 18 5
82 164 13 7
82 538 29 6
82 505 41 7
82 131 39 7
83 137 22 6
83 772 32 2
83 86 28 1
83 643 23 1
83 683 43 2
83 660 28 4
83 541 27 5
83 339 18 2
83 475 35 9
83 601 8 5
83 377 32 1
83 358 47 4
84 318 45 1
84 548 8 10
84 45 15 10
84 663 3 9
84 716 14 6
84 617 41 4
84 50 29 9
84 31 31 9
85 41 11 4
85 42 4 4
85 388 51 3
85 89 14 7
85 92 10 2
85 327 29 8
85 721 11 10
85 298 14 9
85 479 5 4
85 540 30 3
85 151 14 3
86 60 30 6
86 305 25 6
86 41 6 5
86 642 11 7
86 728 3 1
87 300 45 8
87 353 40 8
87 275 26 2
87 721 42 2
87 377 29 4
87 43 33 9
87 61 11 6
87 474 39 8
87 407 40 1
87 2 3 10
87 740 27 1
88 40 14 10
88 409 9 7
88 92 50 10
88 753 20 8
88 616 28 1
88 26 36 9
88 680 32 1
88 380 20 3
88 460 11 2
89 544 42 8
89 706 3 8
89 763 13 6
89 466 11 4
89 591 21 9
89 688 18 9
89 291 44 2
89 452 9 6
89 14 21 6
89 59 32 2
89 791 42 4
89 200 3 10
90 66 23 5
90 468 13 5
90 104 26 7
90 243 40 8
90 401 38 8
90 118 7 6
90 450 8 8
90 726 6 6
90 236 20 5
90 521 16 8
90 762 35 6
90 312 13 7
90 407 39 10
90 302 27 5
91 448 41 4
91 731 49 4
91 188 28 6
91 459 18 4
91 12 41 5
91 252 2 3
91 564 36 2
92 389 19 5
92 494 38 4
92 305 36 7
93 283 16 4
93 709 9 2
93 779 27 1
93 149 44 8
93 459 45 2
93 225 50 10
93 204 22 4
93 566 12 3
93 495 16 6
93 630 15 10
93 737 46 10
94 554 11 10
94 401 35 1
94 363 6 10
94 789 8 9
94 498 50 3
94 416 33 2
95 381 38 6
95 186 41 9
95 231 19 10
95 710 3 4
95 442 35 10
95 78 40 5
96 468 51 7
96 580 24 2
96 701 7 10
96 109 51 2
96 89 29 7
96 639 40 5
96 19 16 8
97 640 27 9
97 230 37 5
97 291 26 8
97 470 48 6
97 510 19 4
97 463 7 9
97 493 50 8
97 494 41 9
97 180 43 5
97 317 5 9
97 577 20 9
97 157 20 1
97 227 39 9
99 239 22 8
99 421 41 3
99 268 41 3
99 796 40 10
99 484 46 5
99 286 41 7
99 782 36 4
100 276 20 2
100 792 46 4
100 263 26 6
100 349 21 6
100 737 48 1
100 181 16 5
100 760 50 5
100 766 37 9
100 573 43 8
101 660 5 4
101 794 20 2
101 444 35 1
101 670 18 1
101 111 45 7
101 449 50 3
101 356 45 7
101 104 27 2
101 440 24 3
101 408 50 4
102 76 51 1
102 711 35 6
102 189 39 10
102 648 8 7
102 31 29 6
102 582 12 4
102 51 41 8
103 778 50 2
103 559 31 8
103 389 7 9
103 661 45 6
103 678 22 6
103 704 19 6
103 626 32 5
103 49 44 6
104 216 25 8
104 107 46 8
104 728 23 4
104 19 22 1
104 111 18 6
105 23 3 10
105 238 6 9
105 97 30 10
105 517 32 4
105 224 49 10
105 569 5 10
105 259 29 7
105 84 2 3
106 298 14 5
106 229 20 6
106 775 33 10
106 406 48 8
106 89 30 8
106 469 50 6
106 163 10 3
106 328 6 10
106 650 26 6
106 121 40 4
106 518 15 2
107 198 4 4
107 402 48 3
107 379 28 3
107 505 9 5
107 751 24 10
107 153 49 10
107 721 3 1
108 327 47 3
108 505 14 3
108 286 26 2
108 511 37 2
108 758 4 5
108 253 13 2
109 589 33 8
109 469 17 4
109 414 31 4
109 12 21 4
109 731 21 7
109 85 21 6
110 47 2 10
110 716 37 9
110 737 23 3
110 435 24 5
110 644 19 9
110 358 16 6
110 771 47 6
110 703 6 3
110 623 32 2
110 271 32 8
110 748 7 1
110 673 29 6
110 607 2 6
111 578 26 6
111 133 49 2
112 786 46 2
112 785 24 2
112 587 37 3
112 203 38 5
112 605 10 5
112 281 19 5
112 30 30 2
112 315 28 3
112 327 45 4
112 588 6 5
112 449 37 6
113 659 47 3
113 514 27 7
113 692 32 4
113 403 49 8
113 384 15 8
113 115 47 2
113 590 11 5
113 756 42 7
113 651 28 2
113 44 49 7
113 165 32 9
113 725 21 10
114 355 51 8
114 281 22 7
114 798 26 4
114 35 28 9
114 507 10 1
114 533 46 5
114 465 38 4
114 614 4 9
114 158 37 7
114 197 10 8
114 349 5 9
115 653 13 3
115 19 33 9
115 769 18 3
115 451 33 9
115 95 13 2
115 226 37 6
115 215 2 6
116 755 9 1
116 360 2 1
116 753 26 5
116 104 31 8
116 102 36 3
116 337 12 2
117 158 8 7
117 479 38 7
117 543 24 3
117 774 7 3
117 746 6 1
117 121 5 6
117 713 36 1
117 171 36 4
118 47 14 4
118 249 3 3
118 736 49 9
118 750 28 7
118 682 2 9
118 66 10 7
118 448 5 2
118 327 42 8
118 722 41 8
119 467 20 7
119 34 46 3
119 184 29 6
119 289 9 4
119 407 28 7
119 516 24 1
119 548 17 9
119 492 23 7
119 7 12 6
120 71 27 3
120 712 22 3
120 152 19 9
120 763 14 1
120 667 7 6
120 145 43 7
120 156 44 3
120 433 26 8
120 241 12 10
120 314 43 4
121 86 15 8
121 48 34 7
121 429 45 10
121 55 15 4
121 643 51 1
121 198 16 8
121 233 25 2
121 77 34 5
121 576 34 10
121 583 10 7
121 131 37 8
122 556 30 4
122 37 41 6
122 764 7 9
122 363 49 5
122 631 48 2
122 260 42 1
123 187 31 2
123 664 36 5
123 701 13 7
123 152 47 8
123 735 38 4
123 237 44 9
123 746 33 5
123 276 49 8
123 381 44 7
123 2 3 3
123 130 23 9
123 288 10 2
124 40 7 6
124 304 25 5
124 87 23 8
124 374 7 6
124 149 22 2
124 193 4 6
124 273 46 9
124 633 18 10
125 204 3 1
125 631 30 4
125 766 7 6
125 383 18 10
125 701 32 3
125 442 30 4
126 512 10 5
126 413 7 10
126 99 29 5
126 237 47 7
126 647 24 1
126 638 50 1
126 676 19 9
127 392 42 4
127 334 38 8
127 214 10 3
127 532 50 3
127 154 33 2
127 371 28 8
127 385 45 9
128 416 26 9
128 678 7 6
128 669 10 1
128 374 19 2
128 578 35 1
128 546 38 8
128 659 8 1
129 654 7 5
129 452 10 5
129 213 9 8
129 483 4 6
129 562 15 1
129 182 43 1
129 340 38 6
129 752 36 1
130 127 14 3
130 71 2 6
130 100 22 8
130 405 16 4
130 217 18 9
130 194 32 9
130 276 10 3
130 402 3 1
130 35 44 7
130 335 44 9
130 351 30 9
130 31 14 1
131 185 45 10
131 627 27 3
131 565 25 4
131 326 36 1
131 113 16 7
131 202 6 7
131 470 14 5
131 20 4 2
132 656 7 4
132 473 14 9
132 234 17 8
132 375 7 1
132 759 7 5
133 20 51 4
133 612 17 6
133 180 49 6
133 374 42 10
133 571 41 4
133 780 40 7
133 416 16 10
133 142 3 3
134 349 48 2
134 141 32 9
134 760 15 9
134 652 42 1
134 136 14 1
134 219 51 9
134 197 19 4
134 705 29 3
135 34 46 10
135 46 51 2
135 382 40 4
135 324 25 3
135 485 25 1
135 425 48 1
135 124 26 9
135 1 30 9
135 89 42 8
135 458 26 5
135 234 20 9
135 298 46 6
135 539 7 8
136 156 3 4
136 106 50 9
136 191 29 8
136 420 46 6
136 565 22 5
136 138 15 7
136 427 21 4
136 562 7 8
136 713 22 3
136 339 38 2
137 211 27 3
137 245 29 4
137 620 41 3
137 420 31 9
137 703 31 4
137 686 3 2
137 584 40 2
138 342 4 10
138 662 6 3
138 774 44 9
138 764 45 5
138 255 16 4
139 329 42 4
139 161 6 3
139 273 4 6
139 450 24 5
139 628 43 5
140 186 39 5
140 702 41 5
140 99 24 1
140 558 10 2
140 484 42 1
140 777 47 8
141 305 50 5
141 106 30 7
141 221 7 3
141 719 10 6
141 639 11 2
141 791 30 6
141 256 7 7
141 638 38 2
141 196 18 10
142 564 34 9
142 393 7 2
142 62 28 7
142 299 44 9
142 206 15 7
142 659 47 3
142 378 23 5
143 780 28 1
143 799 49 3
143 42 28 5
143 518 35 1
143 242 15 9
143 444 24 4
143 121 49 4
143 778 43 6
143 204 24 2
143 235 16 2
143 406 48 10
144 123 30 8
144 341 21 4
144 757 21 7
144 41 4 3
144 348 35 4
144 300 6 2
144 83 5 2
144 771 41 8
144 256 25 2
144 437 42 2
144 555 30 4
144 46 35 8
145 393 39 5
145 453 48 3
145 690 17 6
145 130 3 2
145 552 36 7
145 336 34 10
145 759 14 3
145 647 42 7
146 498 51 5
146 351 26 1
146 138 42 1
146 588 44 8
146 231 16 10
146 199 44 9
146 443 38 2
146 94 9 6
147 308 12 7
147 700 19 2
147 562 21 1
147 569 8 4
147 138 33 6
147 546 44 5
147 379 44 10
148 217 7 9
148 552 24 5
148 574 8 8
148 484 44 10
148 125 26 8
148 510 9 1
148 302 18 9
148 731 49 1
148 99 3 5
148 133 36 9
148 689 14 3
148 264 28 5
148 516 28 5
148 511 31 3
149 443 5 6
149 632 17 7
149 135 20 8
149 129 23 10
149 282 9 3
149 35 41 3
149 452 13 2
149 485 34 9
150 498 34 4
150 466 5 4
150 225 3 8
150 701 28 1
150 668 11 9
150 245 10 3
150 452 10 3
150 481 28 6
150 35 22 8
150 292 28 5
150 164 46 8
150 667 8 10
151 446 16 7
151 434 9 6
151 629 8 10
151 550 22 5
151 596 21 3
151 567 41 8
151 464 11 10
151 1 31 4
151 398 39 6
151 90 7 1
151 244 17 8
152 742 42 9
153 604 21 10
153 585 25 6
153 156 40 1
153 213 30 10
153 260 16 8
153 599 43 5
153 270 16 5
153 4 19 6
153 402 39 6
153 236 15 9
153 116 45 1
153 746 47 5
153 330 49 3
154 529 41 4
154 53 39 9
154 14 9 5
154 78 17 2
154 176 16 4
154 235 23 4
155 474 42 6
155 21 5 8
155 728 16 3
155 727 42 9
155 437 33 7
156 421 8 6
156 759 21 10
156 614 8 10
156 360 17 6
156 707 3 2
157 713 27 5
157 784 22 7
157 137 4 3
157 15 23 4
157 364 21 1
157 554 9 7
158 569 14 6
158 786 23 5
158 397 22 6
158 256 43 10
158 460 19 4
158 47 38 9
158 249 46 4
158 641 9 2
158 503 11 9
159 394 43 1
159 791 22 6
159 555 8 9
159 573 51 8
159 704 30 5
159 141 27 10
159 604 39 8
159 307 5 9
159 332 21 10
159 197 35 6
159 492 6 1
159 757 8 6
159 119 46 6
159 30 42 2
160 77 49 9
160 401 21 4
160 796 42 10
160 31 29 3
160 661 17 9
160 735 10 5
160 452 37 6
160 657 40 4
160 89 22 8
160 605 20 9
160 532 4 6
161 642 42 7
161 573 25 7
161 418 26 4
161 53 10 6
161 666 23 2
161 357 44 1
161 413 21 10
161 559 12 1
162 650 16 1
162 774 5 1
162 642 23 1
162 378 3 6
162 414 23 10
162 123 5 4
162 91 22 10
162 242 28 5
162 759 9 5
162 313 21 10
162 618 4 7
162 507 27 9
163 419 48 7
163 679 38 1
163 516 25 1
163 519 41 3
163 170 18 2
163 505 11 9
163 660 37 1
163 114 44 4
164 1 32 3
164 768 42 7
164 91 16 8
164 521 2 10
164 41 32 3
164 79 18 6
164 47 37 2
164 549 13 6
164 86 42 9
165 761 2 4
165 258 19 1
165 399 35 6
165 455 13 1
166 122 12 6
166 430 44 7
166 355 38 2
166 314 13 4
166 586 28 9
166 421 30 1
166 417 47 8
167 569 28 7
167 187 40 6
167 478 22 9
167 204 22 4
167 689 23 7
167 603 5 3
167 599 29 10
167 481 29 6
167 63 17 10
167 401 36 9
167 769 18 3
167 532 3 4
167 228 32 6
168 388 6 7
168 701 21 10
168 595 51 5
168 102 35 7
168 642 21 10
168 322 32 6
169 243 50 3
169 621 36 6
169 302 10 8
169 194 2 10
169 437 50 9
170 741 21 7
170 712 23 9
170 611 26 9
171 799 43 5
171 104 10 7
171 403 31 3
171 258 14 7
171 48 36 10
171 595 12 3
171 370 11 6
171 198 28 8
172 249 33 4
172 78 28 9
172 723 17 4
172 361 12 7
172 572 35 5
172 346 37 10
172 498 31 8
172 606 28 10
172 666 23 8
173 475 48 1
173 588 8 2
173 227 28 5
173 206 44 1
173 156 18 1
173 87 14 7
173 330 26 9
174 320 7 8
174 283 39 7
174 745 34 8
174 736 41 6
174 392 35 2
174 698 35 3
175 416 5 2
175 685 18 8
175 76 43 3
175 330 51 8
175 393 9 9
175 462 10 3
175 694 19 10
175 232 5 10
175 5 13 5
175 643 8 1
175 44 35 5
176 145 49 4
176 786 51 8
176 10 23 3
176 217 4 10
176 243 16 2
176 335 42 7
177 358 45 1
177 578 24 3
177 66 50 2
177 214 16 1
177 175 42 9
177 737 43 2
177 743 14 4
177 697 44 10
177 282 44 1
177 337 39 7
177 305 8 5
178 796 14 9
178 330 28 6
178 46 36 6
178 361 16 1
178 174 38 8
178 397 47 7
178 757 14 7
179 452 9 2
179 226 33 5
179 281 17 3
179 140 30 10
179 50 7 9
179 259 47 8
179 445 20 1
179 594 34 5
179 513 3 7
180 421 46 3
180 342 9 5
180 480 2 9
180 302 8 8
181 689 10 2
181 307 44 7
181 752 6 2
181 282 39 7
181 732 17 3
182 606 33 1
182 533 30 5
182 737 37 5
182 763 21 9
182 273 37 1
182 395 2 5
182 282 18 4
183 358 27 3
183 447 24 5
183 185 51 2
183 79 18 4
183 761 43 7
184 526 31 8
184 422 21 3
184 624 34 10
184 647 32 7
184 365 8 9
184 99 28 1
184 772 8 3
184 657 13 8
184 455 40 2
184 63 20 2
184 574 32 2
185 93 38 10
185 195 12 5
185 430 41 3
185 52 2 10
185 250 36 8
185 564 38 3
185 629 4 6
185 432 4 7
185 203 14 5
186 790 18 5
186 288 36 6
186 141 9 8
186 613 3 6
187 630 48 2
187 527 39 9
187 628 5 1
187 607 44 1
187 85 48 2
187 750 25 3
187 175 37 9
187 631 29 3
187 97 34 10
187 501 47 1
187 361 36 1
188 747 47 8
188 720 34 8
188 544 34 9
188 794 49 2
188 463 23 9
188 728 43 9
188 172 15 7
189 244 25 10
189 266 22 9
189 5 5 7
189 109 49 8
189 235 15 3
189 506 25 6
190 421 51 1
190 782 20 5
190 394 3 10
190 740 42 8
190 540 40 3
190 483 15 2
190 36 21 5
190 563 28 4
190 14 37 5
190 286 20 2
191 102 10 10
191 653 6 2
191 174 25 6
191 416 22 8
191 581 46 9
191 186 2 8
191 251 10 7
191 73 28 9
191 270 31 7
191 774 32 8
191 286 23 9
192 142 13 9
192 590 43 2
192 599 18 7
192 107 26 6
192 701 2 3
192 289 40 10
192 668 36 3
192 447 50 4
192 123 26 10
192 496 6 7
193 646 7 5
193 607 27 3
193 516 40 2
193 707 36 6
193 49 39 3
193 772 12 8
193 364 51 9
193 136 28 6
193 716 27 3
193 420 5 10
194 104 39 1
194 474 46 8
194 617 8 7
194 359 19 10
194 237 14 4
194 299 22 2
194 664 25 2
194 232 19 10
194 668 23 10
195 34 41 5
195 735 35 1
195 614 11 6
195 550 28 10
195 455 32 5
195 504 49 9
195 478 8 6
195 666 11 10
195 65 23 2
195 148 49 5
195 187 44 6
196 535 39 6
196 784 6 7
196 207 37 10
196 404 12 9
196 177 15 8
196 582 25 10
196 749 24 1
196 6 18 4
196 373 9 3
196 166 22 6
197 296 21 6
197 91 4 8
198 81 26 9
198 703 40 5
198 427 46 2
198 613 7 7
198 394 10 10
199 346 31 2
199 257 25 10
199 196 38 8
199 613 9 4
199 529 3 2
199 735 14 4
200 62 17 2
200 99 18 8
200 223 9 8
200 537 50 8
200 517 3 6
200 167 26 6
200 688 51 3
201 649 7 10
201 27 42 10
201 41 9 6
201 539 16 8
201 699 51 5
201 599 41 7
201 14 39 8
201 77 30 3
201 403 32 1
201 763 16 8
202 332 45 1
202 281 44 6
202 148 9 8
202 317 35 1
202 572 11 2
202 318 18 3
203 620 40 5
203 777 14 6
203 171 7 10
203 60 3 1
203 280 32 9
204 435 34 1
204 756 49 7
205 552 39 8
205 549 49 5
205 251 44 5
205 185 5 1
205 456 3 5
205 413 30 2
205 653 29 7
205 59 27 10
205 219 21 9
205 596 33 10
205 325 7 5
206 641 18 2
206 201 10 10
206 223 12 8
206 219 49 3
207 335 39 4
207 32 33 9
207 720 45 1
207 622 12 5
207 531 33 6
207 500 22 9
207 786 20 4
207 631 20 5
207 505 8 7
207 438 35 10
208 25 12 3
208 18 26 7
208 250 29 3
208 255 9 1
208 680 50 6
208 51 50 10
208 350 25 8
208 790 43 8
208 142 23 3
208 598 46 6
208 259 50 4
208 55 40 6
209 269 30 9
209 327 28 10
209 409 34 10
209 709 43 2
209 256 45 3
209 508 9 4
209 548 34 2
209 643 9 5
209 454 25 9
209 17 28 10
209 497 36 4
209 667 25 3
209 56 31 8
209 210 33 2
210 562 29 8
210 278 4 5
210 1 22 3
210 719 30 2
210 157 47 3
210 664 21 10
210 54 13 8
210 239 9 7
210 694 14 8
210 692 39 10
210 410 40 6
211 695 35 3
211 535 26 1
211 608 51 2
211 466 24 3
211 551 22 9
211 720 28 9
211 161 46 6
211 131 28 3
211 760 28 4
211 73 4 10
211 313 31 8
211 596 39 5
211 229 3 10
212 514 27 9
212 485 21 5
212 3 37 7
212 68 12 4
212 490 25 5
212 97 32 5
213 91 27 6
213 692 38 5
213 90 31 1
213 36 38 4
213 220 33 5
213 121 13 3
213 772 25 3
213 288 22 10
213 334 13 4
213 227 6 2
214 744 5 7
214 30 20 9
214 396 35 2
214 681 50 4
214 350 32 9
214 617 45 6
214 591 2 5
214 527 18 8
214 100 40 2
214 431 35 7
215 662 28 10
215 42 14 1
215 659 11 5
215 344 21 5
215 35 36 3
215 593 28 1
215 252 26 5
215 619 6 4
215 57 4 8
215 442 51 7
215 310 41 10
215 771 51 1
216 620 15 10
216 259 9 1
216 275 6 10
216 475 48 5
216 110 43 1
216 543 32 9
216 64 46 5
216 660 9 9
216 709 3 1
217 399 13 7
217 665 39 2
217 21 10 10
217 687 36 9
217 518 27 2
217 276 47 10
217 504 19 6
217 566 2 8
218 755 21 1
218 788 41 4
218 545 31 5
218 153 7 4
218 3 50 5
218 469 23 7
218 643 5 8
219 493 13 2
219 100 38 6
219 640 46 9
219 127 18 4
220 352 16 3
220 332 40 4
220 672 47 8
220 206 33 6
220 127 35 9
220 642 46 4
220 81 5 2
220 449 23 8
220 618 23 9
221 113 45 5
221 620 41 2
221 41 44 1
221 247 18 2
221 338 11 10
221 688 36 5
221 268 38 4
221 67 13 4
221 561 27 2
221 487 37 5
221 304 14 4
222 671 51 1
222 184 9 7
222 292 13 3
222 134 49 2
222 355 9 2
222 785 2 5
222 729 33 4
222 441 47 5
222 255 51 8
222 295 6 6
223 369 41 10
223 524 42 2
223 500 38 6
223 757 16 3
223 243 47 7
223 38 30 4
223 270 34 6
223 41 8 3
223 415 50 8
224 575 6 9
224 344 3 9
224 505 8 5
224 202 43 5
224 459 21 8
224 67 41 3
224 689 8 3
224 697 12 2
224 487 31 2
224 175 2 1
225 613 32 1
225 343 40 8
225 426 17 3
225 304 27 3
225 568 36 1
225 42 5 7
225 698 23 2
225 766 8 8
225 547 17 5
226 530 17 1
226 240 48 5
226 344 12 5
226 227 34 5
226 472 43 1
226 232 29 5
226 613 26 4
226 526 38 7
227 238 40 5
227 692 23 7
228 148 23 4
228 92 8 5
228 794 19 8
228 584 15 8
228 50 29 2
228 695 12 1
228 60 8 9
228 615 47 7
228 547 40 6
229 152 11 3
229 458 19 8
229 644 7 10
229 518 3 9
229 709 20 10
229 414 26 6
230 481 11 5
230 522 11 1
230 767 2 3
230 449 36 6
230 784 32 6
230 303 50 9
230 706 28 6
230 407 3 2
230 651 12 1
230 204 28 8
231 442 22 2
231 546 33 8
231 229 6 6
231 673 42 3
231 340 47 10
231 458 18 7
231 495 20 3
231 230 14 4
231 608 31 5
231 631 26 1
231 497 44 1
232 438 38 4
232 453 17 6
232 448 33 1
233 78 3 7
233 553 32 7
233 293 22 3
233 66 32 1
233 257 43 1
233 513 34 10
233 468 43 5
233 622 33 9
233 787 38 3
233 185 10 4
233 203 48 7
234 373 30 4
234 655 32 1
234 107 7 6
234 20 7 6
234 416 38 8
234 88 46 3
235 423 34 5
235 372 11 2
235 648 11 3
235 417 46 6
235 696 5 6
235 516 3 4
235 545 9 8
235 772 35 10
236 29 23 1
236 308 32 9
236 370 20 3
236 14 17 1
236 445 46 10
236 109 29 2
236 554 24 1
236 779 2 4
236 36 43 5
236 461 6 1
237 401 51 2
237 593 43 1
237 647 9 9
237 525 23 4
237 659 22 7
237 763 42 4
237 238 51 1
237 325 21 2
237 23 47 6
237 229 19 7
238 694 21 10
238 594 13 3
239 64 2 1
239 33 50 9
239 572 49 9
239 140 37 9
240 704 39 2
240 375 48 4
240 267 24 4
240 202 21 9
240 46 40 7
240 481 49 3
240 87 23 4
240 392 23 4
240 412 21 2
241 174 5 7
241 452 31 2
241 97 6 9
241 574 50 9
241 611 17 10
241 53 20 3
241 199 12 8
241 616 38 6
241 468 9 6
241 98 46 10
242 343 20 8
242 721 11 1
242 89 5 3
242 409 42 3
242 338 9 1
242 657 37 10
242 445 37 4
242 659 20 9
242 480 36 2
242 356 21 4
242 551 47 7
243 677 35 3
243 405 9 10
243 154 35 8
243 316 13 8
244 178 50 2
244 306 9 10
244 148 25 1
244 94 20 2
244 298 35 6
244 470 50 3
245 437 27 5
245 50 50 4
245 758 10 8
245 659 31 3
245 151 6 1
245 133 7 9
245 709 13 7
245 793 22 2
245 165 12 4
245 49 39 4
246 230 39 7
246 344 31 2
246 496 36 9
246 74 22 2
246 514 36 4
246 767 44 4
246 331 29 2
247 610 43 1
247 792 30 2
247 789 44 8
247 283 37 6
247 441 2 8
247 337 19 4
247 206 6 2
247 525 49 5
248 768 48 5
248 156 44 8
248 30 51 2
248 554 31 8
248 510 20 6
249 240 51 9
249 462 25 1
249 163 2 10
249 96 34 1
249 725 11 2
249 19 40 3
250 37 49 10
250 737 40 4
250 783 20 8
250 417 22 10
250 173 4 2
251 412 29 10
251 111 36 7
251 337 30 9
251 70 35 8
251 148 39 7
251 497 36 9
252 230 35 1
252 756 31 3
252 481 51 2
252 98 25 1
252 42 10 6
252 259 22 9
252 170 20 3
252 447 51 1
252 325 50 8
253 161 30 7
253 325 12 2
253 791 8 5
253 665 5 2
253 95 4 5
253 493 43 1
253 496 42 4
253 197 6 1
253 542 40 6
253 198 2 6
254 185 48 2
254 92 17 9
254 392 5 4
254 481 49 10
254 731 44 6
254 43 48 6
254 594 18 8
254 416 30 8
254 173 16 10
255 263 7 1
255 472 9 7
255 191 35 1
255 75 50 4
255 265 27 2
255 744 9 8
255 16 47 10
255 41 23 10
255 449 8 7
256 387 44 8
257 606 27 7
257 278 16 4
257 388 3 2
257 315 43 9
257 326 6 10
257 534 23 1
257 682 19 7
257 283 29 6
257 29 18 6
257 106 32 9
257 61 23 9
258 277 51 5
258 112 49 1
258 501 2 4
258 488 46 9
258 342 35 5
259 476 33 4
259 250 46 6
259 611 33 5
259 113 5 6
259 20 5 3
259 40 4 5
259 626 47 2
260 498 29 10
260 206 43 7
260 106 20 3
261 151 23 5
261 688 26 10
261 155 51 1
261 470 14 1
261 91 2 8
261 610 38 4
261 296 43 6
261 146 46 2
261 401 35 7
261 762 24 1
261 364 14 7
261 378 35 9
261 459 20 2
262 773 12 9
262 220 13 10
262 538 41 5
262 357 28 2
262 154 19 6
262 763 27 9
262 649 40 6
262 462 12 3
262 341 9 6
262 273 29 5
262 138 7 1
263 305 34 8
263 418 10 1
264 595 9 8
264 781 46 6
264 636 13 1
264 119 36 1
264 566 5 5
264 579 41 7
264 219 10 4
264 778 6 7
264 584 27 9
265 700 33 2
265 369 33 5
265 454 13 4
265 206 42 1
265 391 39 4
265 184 6 8
265 145 2 2
265 87 38 8
265 594 20 4
265 520 18 8
266 370 23 6
266 98 39 2
266 267 29 7
266 751 11 9
266 139 36 3
266 274 51 10
266 393 48 4
266 335 18 10
267 730 33 9
267 655 34 5
267 778 32 2
267 166 30 6
267 212 35 3
267 393 47 8
267 192 46 3
267 750 11 3
267 15 37 5
267 226 41 10
267 732 28 1
268 735 44 9
268 25 28 9
268 526 32 5
268 101 14 7
268 569 26 4
268 259 3 5
268 681 47 2
268 678 32 6
268 280 24 10
268 158 30 8
268 655 50 1
269 323 13 2
269 514 23 3
269 138 26 5
269 61 50 3
269 720 12 8
269 217 2 3
269 470 37 1
269 192 37 9
269 134 30 4
269 797 40 8
269 143 51 3
269 147 39 6
270 738 26 8
270 75 45 2
270 538 12 1
270 515 15 6
270 765 12 4
271 602 48 10
271 20 34 10
271 125 31 4
271 380 14 4
271 459 27 8
271 637 13 9
271 538 14 6
271 208 28 8
271 142 45 7
271 149 33 8
271 480 29 5
272 371 15 9
272 596 45 4
272 242 26 10
272 396 5 3
272 330 17 3
272 448 12 5
272 569 45 2
272 224 4 8
272 381 11 9
272 423 27 5
272 589 46 6
272 708 19 4
273 131 10 5
273 95 18 5
273 609 33 9
273 305 19 8
273 752 35 4
274 652 47 6
274 440 18 10
274 766 23 8
274 198 48 4
274 241 15 6
274 57 7 7
274 795 49 9
274 204 39 5
274 230 19 10
274 705 6 2
274 715 15 3
275 547 49 10
275 684 35 10
275 331 25 2
275 461 39 8
275 335 5 6
275 91 13 8
275 29 26 5
276 343 9 10
276 749 46 10
276 692 47 6
276 294 43 8
276 145 22 1
276 693 20 4
276 628 49 6
277 596 18 4
277 5 24 1
277 183 31 5
277 470 32 4
277 526 9 8
277 600 46 10
277 677 27 3
277 423 48 7
278 461 12 3
278 707 39 6
278 634 11 5
278 371 15 6
278 173 31 1
278 332 23 2
278 761 24 3
278 659 20 6
278 359 34 5
279 453 6 9
279 497 49 6
279 126 41 9
279 16 43 2
279 460 45 5
279 472 46 4
279 598 48 8
279 616 39 5
279 782 49 10
280 687 7 10
280 610 30 1
280 157 46 6
280 609 4 4
280 139 31 9
280 185 40 8
280 36 41 4
280 410 23 7
280 639 22 4
280 92 22 6
280 404 51 9
281 377 37 1
281 464 32 3
281 362 29 6
281 64 5 6
281 491 3 10
282 78 42 6
283 377 31 7
283 414 35 7
283 725 11 2
283 785 23 4
283 501 50 9
283 253 10 5
283 619 49 6
283 32 27 3
284 586 7 1
284 340 5 7
284 331 37 9
284 221 28 10
284 535 14 7
284 653 9 2
284 315 45 2
285 559 10 8
285 454 40 2
285 461 22 6
285 8 34 1
285 409 40 3
285 622 47 5
286 372 34 7
286 656 36 7
286 596 18 3
286 184 30 6
286 640 45 1
286 207 22 9
287 391 51 8
287 431 36 9
287 507 11 1
287 532 28 10
287 644 47 8
287 711 35 2
287 371 26 6
287 55 27 5
288 388 34 7
288 486 3 7
288 335 21 10
288 772 18 2
288 779 41 8
288 479 11 2
288 414 11 2
288 634 8 8
288 620 26 1
288 471 51 6
289 249 44 4
289 667 16 2
289 626 43 4
289 536 38 2
289 680 34 2
289 582 33 4
289 671 5 3
289 307 3 6
289 372 5 6
289 49 9 8
290 521 23 8
290 472 29 1
290 340 42 2
290 637 18 2
290 421 6 6
290 748 18 6
290 279 15 9
290 156 20 10
290 480 49 5
290 51 26 10
290 308 28 4
290 754 2 8
290 761 8 5
291 373 44 7
291 144 42 5
291 269 16 1
291 624 44 9
291 738 50 8
291 8 31 1
291 260 3 1
291 154 49 2
291 729 49 10
292 105 39 5
292 672 17 6
292 797 19 9
292 212 36 9
292 34 27 10
292 560 29 2
293 755 42 4
293 113 35 10
293 606 50 9
293 223 3 7
293 625 43 5
293 348 6 7
293 292 20 7
293 706 38 5
293 389 8 6
293 473 43 10
293 597 27 7
293 580 43 10
294 519 14 6
294 222 49 9
294 321 20 5
294 664 22 6
295 464 4 6
295 741 49 10
295 486 23 7
295 164 10 4
295 532 37 7
295 580 22 3
295 241 25 2
295 684 2 5
295 389 45 7
295 495 45 2
295 235 20 4
295 225 29 1
296 329 12 5
296 589 31 1
296 22 40 5
296 84 11 4
296 509 21 10
296 694 31 5
296 71 45 6
296 293 24 10
296 671 19 4
296 163 3 9
297 27 12 6
297 757 16 3
297 630 9 4
297 374 45 2
297 632 7 6
297 122 47 2
297 356 14 6
297 84 24 7
297 669 13 8
298 674 41 4
299 0 6 7
299 710 2 1
299 599 24 8
299 265 2 4
299 106 50 2
299 286 38 1
299 219 28 2
299 5 11 5
299 8 27 5
299 672 40 3
299 114 17 2
300 143 4 7
300 584 50 7
300 215 10 7
300 147 17 9
300 747 12 5
300 727 29 9
300 466 50 3
300 130 30 6
300 171 29 9
300 493 43 6
300 690 19 3
300 772 47 7
301 358 38 2
301 569 18 4
301 737 37 4
301 482 39 2
301 105 11 5
301 48 35 7
301 171 19 6
302 400 12 9
302 34 3 7
302 745 24 10
302 345 26 9
302 798 26 9
302 508 5 7
302 463 28 6
303 171 11 4
303 235 6 9
303 404 20 9
303 541 22 1
303 739 15 1
303 564 36 7
303 729 23 7
304 413 31 5
304 425 3 2
305 371 9 3
305 780 32 4
305 665 7 7
305 18 45 6
305 671 49 4
305 513 16 10
305 253 19 8
306 8 6 2
306 359 13 2
306 626 36 2
306 59 14 1
306 101 26 3
306 341 35 3
306 406 29 7
306 337 10 6
307 786 19 6
307 174 31 2
307 291 36 6
307 204 17 2
307 745 11 7
307 182 11 6
307 255 16 6
307 729 34 2
308 731 16 2
308 38 31 8
308 167 40 6
309 186 4 3
309 539 31 8
309 596 39 5
309 538 10 8
309 49 13 6
310 263 45 8
310 454 13 6
310 259 19 9
310 707 14 10
310 395 5 2
310 336 9 10
310 299 21 1
310 687 42 8
310 381 29 3
310 273 51 7
311 360 51 2
311 552 25 7
311 555 27 1
311 444 30 3
311 80 19 2
311 406 10 3
311 376 48 3
311 101 40 7
311 515 40 1
311 52 18 9
312 335 28 6
312 609 10 3
312 256 43 1
312 534 8 3
313 609 15 3
313 264 15 8
313 12 38 6
313 253 26 4
313 710 43 2
313 560 40 7
313 351 37 10
313 422 46 2
313 278 20 10
313 526 21 8
314 135 32 5
314 572 36 2
314 147 10 3
314 145 6 8
314 431 6 2
314 86 22 3
315 379 46 1
316 639 6 5
316 255 30 7
316 277 23 3
316 76 21 5
316 601 17 4
316 85 23 1
316 758 4 4
316 728 22 3
316 308 33 8
316 688 40 3
316 737 31 6
317 554 39 4
317 318 31 5
318 774 39 1
318 736 31 8
318 554 14 2
318 40 44 9
318 273 38 5
318 121 22 1
318 288 32 9
318 501 49 2
318 229 42 3
318 307 27 3
319 315 42 9
319 270 50 3
319 764 39 8
319 1 11 8
319 318 18 6
319 78 49 9
319 733 4 1
319 668 26 10
319 651 39 10
319 687 6 7
319 617 30 2
320 611 36 3
320 225 47 9
320 579 2 10
320 781 11 2
320 474 24 4
320 66 43 5
320 143 17 9
320 329 37 2
320 247 35 10
320 338 42 4
321 352 14 3
321 631 42 3
321 133 15 6
321 199 5 8
321 550 28 7
321 181 45 7
321 521 46 8
321 737 6 7
321 687 43 9
322 1 23 6
322 649 26 6
322 263 37 5
322 508 15 4
322 302 29 4
322 643 32 1
322 617 33 3
322 123 10 7
322 560 28 3
322 441 36 2
323 598 46 4
323 573 44 7
323 291 17 4
323 515 13 8
323 511 28 8
324 742 51 8
324 434 51 5
324 229 41 9
324 526 34 8
324 528 12 7
324 42 35 5
324 280 51 9
324 650 31 9
325 568 6 8
325 118 6 6
325 115 26 4
325 574 40 1
325 625 6 1
325 639 45 5
326 55 41 7
326 80 3 4
326 650 38 3
326 547 17 2
326 717 50 8
326 542 48 9
326 785 44 7
326 644 24 2
326 324 46 2
326 621 31 9
326 778 27 4
327 247 49 8
327 225 22 3
327 657 49 7
327 245 24 7
327 696 23 9
327 12 25 10
327 207 34 1
328 763 46 6
328 257 30 9
328 688 19 5
329 633 46 7
329 410 11 4
329 558 15 5
329 506 49 8
329 285 40 7
329 389 47 7
329 363 49 9
329 426 50 9
330 260 13 8
330 509 51 7
330 589 13 10
330 598 45 3
330 718 32 5
330 790 38 5
330 786 37 5
330 529 46 3
330 675 51 7
331 738 18 7
331 121 25 6
331 639 51 1
331 241 39 5
331 474 13 6
331 360 39 2
331 586 46 6
331 370 29 6
332 61 45 5
333 228 51 8
333 426 16 2
333 662 2 9
333 780 15 4
333 259 44 5
333 753 45 5
333 545 16 9
333 746 19 6
333 118 9 5
333 528 50 8
334 550 49 3
334 552 34 7
334 128 11 6
334 426 16 4
334 6 10 3
335 82 35 1
335 229 36 2
335 558 8 8
336 582 31 6
336 8 4 1
336 599 12 4
336 1 51 3
336 265 30 10
336 783 35 5
336 9 33 4
336 199 10 2
337 309 39 1
337 272 20 6
337 651 22 8
338 625 46 10
338 555 44 6
338 586 48 2
338 257 40 10
338 189 22 4
338 677 36 7
338 732 37 2
338 369 14 4
338 329 7 10
338 764 30 6
339 445 49 2
339 670 11 5
339 647 36 5
339 270 30 5
339 338 14 2
339 453 41 5
339 791 8 4
340 797 30 5
340 762 22 1
340 450 36 8
340 668 36 7
340 429 23 10
340 189 39 5
340 645 37 6
340 587 12 5
340 82 22 9
340 273 45 9
341 48 8 7
341 495 8 7
342 310 13 5
342 385 10 2
342 334 43 2
343 503 48 10
343 108 29 2
343 680 16 10
343 616 33 4
344 396 22 6
344 637 26 1
344 502 43 2
344 414 17 9
344 3 26 9
344 455 30 3
344 22 12 7
345 171 9 3
345 101 24 10
345 316 43 10
345 168 35 8
345 546 12 2
345 598 47 8
345 332 6 4
346 44 19 5
346 507 42 8
346 469 26 7
346 706 30 8
347 379 49 7
347 756 40 7
347 241 20 3
347 556 6 10
347 142 41 10
347 27 19 9
348 336 41 8
348 606 19 1
348 454 48 3
348 279 49 8
348 107 16 1
348 770 37 10
348 614 44 8
348 499 19 10
348 28 11 8
348 41 16 4
348 344 23 5
349 61 40 1
349 506 2 5
349 149 42 7
349 340 25 4
349 416 49 3
349 129 10 10
349 773 7 4
349 33 25 9
349 22 20 7
349 88 38 6
350 4 20 9
350 288 23 2
350 580 25 1
350 717 2 4
350 716 15 9
350 527 34 6
350 793 43 6
350 664 31 1
350 359 22 6
350 320 47 1
351 304 43 2
351 159 14 9
351 172 10 2
351 620 35 7
352 177 29 2
352 351 23 2
352 672 17 8
352 702 29 3
352 128 34 7
353 160 51 3
353 12 15 8
353 509 14 9
353 691 13 7
353 352 24 4
353 379 33 10
353 635 4 9
353 205 37 7
353 295 42 1
353 109 50 4
354 250 32 6
354 549 47 4
354 292 43 10
354 335 26 7
354 169 37 9
354 472 42 8
354 252 43 7
354 785 30 4
354 384 17 4
355 255 35 6
355 321 6 3
355 710 31 8
355 33 41 1
356 556 31 5
356 190 26 4
356 128 21 4
356 594 33 9
356 12 42 9
356 684 51 8
356 383 15 5
356 571 16 8
356 52 49 4
357 82 10 8
357 182 46 6
357 265 40 9
357 783 48 6
357 279 49 8
357 257 45 5
357 619 17 2
357 306 20 5
357 196 10 10
357 796 25 3
358 708 43 4
358 266 40 4
358 391 21 7
358 697 15 8
358 223 15 8
358 90 38 7
359 708 4 1
359 378 3 2
359 756 9 3
359 125 10 9
359 747 12 8
359 441 35 7
359 13 14 7
359 489 19 7
360 183 18 6
360 658 46 8
361 328 43 9
361 497 35 2
361 732 22 3
361 200 22 8
361 632 12 6
361 535 4 7
361 494 14 1
362 257 23 6
362 255 5 6
362 251 43 6
362 91 42 1
362 412 13 9
362 550 38 10
363 617 16 8
363 426 6 5
364 168 6 1
364 652 11 4
364 198 14 5
364 235 41 7
364 586 48 10
365 777 25 4
365 195 9 4
366 125 10 5
366 320 30 10
366 54 37 5
366 241 29 10
366 373 25 9
366 559 14 3
366 108 16 9
367 354 46 5
367 70 24 3
367 746 47 8
367 456 51 4
367 688 27 3
367 565 30 10
367 674 31 4
368 430 22 3
368 110 49 7
368 317 20 5
368 619 47 3
368 658 27 4
368 303 38 7
368 781 44 2
369 457 43 2
369 19 46 1
369 413 34 2
369 511 31 7
369 149 26 10
370 150 44 5
370 634 37 4
370 272 2 1
370 262 43 4
370 51 3 4
370 746 12 7
370 467 45 5
371 565 6 2
371 639 11 4
371 663 14 9
371 307 48 1
371 156 44 2
371 159 17 4
372 191 46 10
372 46 39 6
372 81 43 5
372 179 13 5
372 246 9 8
372 509 40 2
372 742 49 2
373 445 35 10
373 485 46 4
373 764 42 1
373 434 3 5
374 642 6 5
374 115 16 6
374 646 35 7
374 101 23 7
374 790 26 4
374 689 9 6
374 558 48 8
374 384 2 2
375 335 34 2
375 363 17 3
375 99 34 2
375 168 16 1
375 641 29 7
376 179 39 1
376 417 42 10
376 770 13 9
376 554 16 4
377 436 7 2
377 376 3 4
378 330 35 8
378 412 21 8
378 607 19 8
378 49 13 1
378 106 27 8
378 485 47 4
379 63 22 6
379 684 33 8
379 601 36 10
379 478 28 8
379 573 24 7
379 286 41 6
379 369 37 6
380 366 43 1
380 312 3 4
380 119 50 2
380 445 17 7
380 691 7 7
381 564 12 2
381 252 25 5
381 187 21 7
381 218 17 4
381 440 46 3
381 438 4 3
381 456 22 1
381 615 30 1
381 304 6 10
382 339 50 6
382 216 48 4
382 334 12 3
382 526 32 3
382 513 26 10
382 461 32 3
382 620 41 4
382 365 26 1
382 639 48 1
382 682 16 2
382 353 10 3
383 172 22 5
383 75 50 2
383 108 37 8
383 451 33 8
383 705 10 9
383 24 50 1
383 638 45 3
384 323 33 10
384 783 18 4
384 162 22 6
385 647 18 5
385 383 5 6
385 702 23 10
385 773 40 1
385 534 9 1
386 381 17 2
386 27 46 3
386 641 3 4
386 707 6 9
386 716 49 9
386 778 7 7
386 652 15 10
386 507 15 6
386 269 4 3
386 162 25 2
387 362 5 1
387 592 44 6
387 150 6 6
387 423 28 10
387 7 2 1
387 633 29 10
387 352 32 10
387 676 49 1
387 270 43 8
387 198 51 8
387 367 9 6
388 581 15 10
388 429 47 3
388 355 3 6
388 560 5 3
388 593 10 5
388 792 49 10
389 449 15 9
389 373 45 3
389 457 28 6
389 554 18 8
389 771 3 5
389 348 2 9
390 573 5 9
390 503 15 3
390 796 36 10
390 764 39 4
390 459 39 5
390 165 35 9
391 294 34 9
391 408 44 6
391 354 4 6
391 477 14 8
391 284 28 8
391 787 5 3
392 610 28 6
392 303 7 1
392 65 44 4
392 707 2 10
392 204 43 3
393 502 40 1
393 11 32 7
393 535 12 5
393 12 32 6
393 538 29 8
394 124 15 5
394 11 43 3
394 724 16 6
394 125 21 4
395 671 31 6
395 670 4 1
395 637 15 9
395 436 29 5
395 432 35 5
395 724 30 9
395 686 41 6
395 662 25 4
395 546 22 8
395 689 9 3
395 596 37 3
396 355 16 6
396 784 26 10
396 729 25 5
396 29 24 1
396 4 50 2
396 206 5 9
396 134 39 10
396 136 39 5
396 565 13 5
396 525 43 5
397 229 3 3
397 189 34 5
397 28 3 5
397 150 27 3
397 87 13 9
397 226 51 3
397 32 29 10
397 185 13 10
397 447 28 2
398 260 18 10
398 0 4 7
398 242 31 2
398 65 4 4
398 631 48 9
398 796 35 7
399 179 41 7
399 514 51 2
399 279 44 2
399 117 26 9
400 601 18 1
400 186 13 1
400 134 38 5
400 449 44 8
400 385 42 9
401 259 12 6
401 544 44 6
401 536 2 5
401 626 48 3
401 413 15 4
401 744 5 4
402 186 13 1
402 312 21 8
402 677 35 1
402 495 45 10
402 475 12 3
402 9 11 10
402 773 40 7
403 194 18 9
403 279 12 6
404 790 42 8
404 378 10 10
404 488 32 4
404 720 23 6
404 548 31 7
404 660 50 9
405 733 27 4
405 644 7 4
405 318 23 10
405 506 41 3
405 129 38 5
405 315 38 2
405 531 11 4
406 636 37 8
406 747 39 5
406 683 35 5
406 53 13 2
406 766 36 2
406 156 39 10
407 460 35 4
407 62 7 5
407 524 9 3
407 461 19 5
407 535 30 5
407 442 41 4
407 419 40 4
407 424 50 2
407 315 11 9
408 21 39 5
408 199 20 2
408 422 32 10
408 378 36 7
408 41 50 3
408 733 30 3
408 208 14 10
409 128 50 4
409 367 43 10
409 91 27 2
409 403 30 7
409 167 32 3
410 16 4 6
410 92 48 10
410 325 35 10
410 214 30 8
410 168 11 4
410 709 19 1
410 518 29 4
411 324 5 4
411 122 5 4
411 623 48 10
411 172 38 7
411 50 42 8
411 504 16 2
411 378 27 2
411 200 48 5
412 91 4 6
412 167 21 7
412 268 39 10
412 379 15 4
413 435 19 3
414 192 48 8
414 693 31 1
414 10 51 9
415 617 19 10
415 520 15 8
415 261 49 2
415 41 16 6
415 249 15 6
415 658 9 6
416 14 46 6
416 320 37 2
416 665 48 2
416 516 43 8
417 733 28 2
417 268 50 4
418 618 27 4
418 445 37 1
418 305 37 6
418 532 5 6
419 121 49 1
419 487 25 3
419 74 27 8
419 630 4 8
420 618 18 8
420 362 13 2
420 625 9 8
420 675 8 10
420 86 16 9
420 606 28 6
420 222 33 10
420 290 50 1
422 155 9 2
422 556 8 5
422 87 17 5
422 208 9 2
422 226 29 5
422 785 34 4
423 546 34 4
423 620 22 1
423 512 46 3
423 342 22 7
424 480 3 2
424 34 29 7
424 522 8 7
424 325 35 10
424 747 34 3
424 699 7 3
424 516 36 1
424 402 16 1
425 98 4 1
425 301 39 7
425 112 38 7
425 225 22 6
425 242 25 7
425 601 14 3
425 232 44 2
425 47 42 3
425 177 15 2
426 198 34 10
426 365 6 7
426 544 13 7
427 205 18 1
427 759 12 4
427 71 8 8
427 670 35 8
428 645 31 9
428 8 13 9
428 92 48 1
428 35 8 10
428 81 5 3
428 406 23 6
428 572 6 2
428 743 7 7
428 536 11 2
428 7 32 10
428 243 6 8
429 252 43 7
429 5 26 5
429 657 23 3
430 544 27 7
430 636 8 4
430 627 26 8
430 188 27 10
431 37 2 9
431 604 37 9
431 303 46 5
431 229 2 9
432 517 11 2
432 1 48 10
432 757 18 6
432 365 23 10
432 159 32 1
432 5 36 5
432 244 24 7
432 684 42 2
432 748 38 7
432 354 10 1
432 318 51 5
433 387 39 2
433 751 28 7
433 534 4 3
433 236 7 5
433 775 41 4
433 587 32 9
433 635 13 10
434 352 12 9
434 427 44 2
434 698 19 10
434 621 29 10
434 673 18 6
434 269 19 7
434 640 42 1
434 143 42 2
434 325 27 4
435 525 42 5
435 376 37 4
435 720 20 4
435 785 41 9
435 265 16 2
436 208 40 8
436 560 32 6
436 260 9 3
436 475 7 10
436 416 4 6
436 480 37 10
436 78 43 1
437 531 43 6
437 297 31 7
437 57 3 7
437 66 43 2
437 330 44 7
437 230 6 8
438 224 28 6
438 627 28 4
438 684 45 3
438 374 38 5
438 642 41 5
438 266 21 9
438 129 23 9
438 483 6 7
439 754 6 6
439 505 47 2
439 799 50 10
439 251 39 7
439 478 49 8
440 151 25 2
440 753 47 3
440 712 12 3
440 775 51 5
440 140 20 6
440 623 20 2
440 507 32 1
440 417 26 10
440 754 47 5
440 533 10 8
441 252 29 1
441 78 37 5
441 96 20 4
442 120 18 3
442 177 31 6
442 643 6 8
442 73 2 3
442 203 9 3
442 676 7 6
442 288 42 7
442 280 29 4
443 622 35 3
443 224 26 3
444 719 50 3
444 357 16 4
445 484 47 7
446 249 44 1
446 313 17 8
446 207 43 6
446 606 50 4
446 426 18 3
446 772 37 7
446 70 19 10
446 244 4 4
446 524 4 5
446 541 8 9
447 308 50 10
447 223 28 9
447 759 31 10
447 576 38 3
447 546 38 5
447 591 2 9
447 407 40 3
447 612 16 4
448 532 38 4
448 737 39 2
448 782 3 4
448 109 36 7
448 386 32 4
448 267 23 7
449 371 18 10
449 203 18 7
449 292 14 8
449 206 16 9
450 182 21 3
450 119 19 6
450 267 25 5
450 735 37 4
450 561 32 8
450 384 37 8
450 787 40 5
451 696 9 3
451 311 37 1
451 319 33 5
453 92 8 2
453 317 33 5
454 465 33 1
454 110 44 3
454 712 35 7
454 194 40 2
455 309 44 2
455 212 23 4
455 479 20 7
456 612 17 3
456 50 33 3
456 81 13 1
456 721 34 3
456 171 5 5
456 144 44 9
456 464 3 1
456 669 29 3
457 87 21 2
457 107 48 4
457 660 37 2
457 413 33 9
458 168 5 7
458 619 10 4
458 348 15 7
458 327 15 4
458 684 7 5
458 149 29 7
458 173 38 7
458 249 13 8
458 526 12 6
458 10 20 5
458 280 17 7
459 400 35 9
459 767 42 10
459 128 11 9
459 794 12 1
460 294 33 7
460 572 15 9
460 372 12 7
460 583 32 6
460 263 43 8
460 308 31 3
461 748 30 8
461 388 43 9
461 65 40 8
461 129 40 3
462 346 47 10
462 268 21 6
462 206 21 8
462 110 34 4
462 130 21 10
462 779 47 6
463 795 36 4
463 133 2 8
463 550 41 7
464 66 7 6
464 490 38 2
464 85 35 6
464 696 11 3
464 84 12 9
464 90 47 4
464 584 51 6
464 739 14 5
464 364 21 2
464 379 44 4
465 522 37 5
465 748 33 10
465 13 5 10
465 203 4 9
466 425 51 9
466 796 37 7
466 390 22 1
466 395 30 4
466 616 18 4
467 129 4 3
467 154 4 2
467 89 28 8
467 737 11 9
467 596 47 7
467 75 16 4
467 326 14 1
467 751 40 1
467 360 34 9
467 560 17 4
469 446 24 1
469 59 21 2
469 698 22 9
469 703 51 5
470 641 38 10
470 245 33 6
470 549 6 2
470 414 20 4
471 294 50 5
471 179 17 4
471 707 36 1
471 379 20 5
471 18 23 9
471 515 20 6
471 702 21 7
471 261 28 1
472 708 6 8
472 626 23 8
472 719 35 9
472 600 13 10
473 85 15 2
473 218 10 5
473 570 3 9
473 270 43 6
473 524 23 2
473 199 7 8
473 115 9 10
473 29 35 3
473 311 10 10
473 362 40 8
474 606 49 7
474 444 19 4
474 340 26 5
474 229 28 10
474 79 37 3
475 597 13 9
475 130 26 3
475 614 16 2
476 347 40 9
476 527 23 9
476 745 42 10
476 439 47 7
476 708 25 5
476 57 22 6
476 330 16 6
476 749 49 5
476 65 11 2
476 320 40 4
476 94 51 6
477 351 13 1
477 319 49 10
477 577 17 4
477 341 41 4
477 169 7 5
477 746 35 10
477 412 15 2
477 236 48 2
477 22 47 4
477 553 4 8
478 366 20 5
478 456 20 7
478 692 18 3
478 689 33 3
478 82 13 5
478 680 6 8
478 396 37 1
478 496 29 8
479 164 25 8
479 457 10 10
479 577 13 10
479 685 11 5
479 621 25 4
479 303 31 5
479 332 11 5
479 193 51 4
479 518 16 2
479 189 35 4
480 16 19 2
480 547 21 5
480 618 3 7
482 533 12 8
482 186 4 10
482 108 15 8
482 273 20 9
483 401 22 6
483 550 35 1
483 148 19 5
484 160 20 5
484 149 41 6
484 162 4 8
484 636 48 10
484 79 47 7
485 779 15 7
486 792 26 9
486 227 4 6
486 703 41 3
486 434 28 2
486 321 14 6
486 4 42 3
486 581 29 2
487 641 49 9
487 644 38 4
488 790 30 3
488 170 14 3
488 341 23 8
488 131 15 5
488 733 8 4
488 150 35 3
489 784 22 5
489 17 10 3
489 132 10 2
489 662 2 8
489 167 39 6
489 679 23 3
490 478 23 3
490 757 30 3
490 345 15 1
490 281 24 8
490 374 14 7
490 387 46 3
490 38 30 3
490 656 10 1
490 67 11 5
491 121 17 9
491 617 24 2
491 294 30 2
491 321 31 3
491 440 46 1
492 741 39 6
492 562 11 3
492 259 51 2
492 427 20 1
492 482 24 5
492 630 26 7
492 120 2 2
492 385 35 4
492 792 28 2
492 180 15 4
492 706 15 2
492 533 3 4
493 256 15 1
493 397 22 6
493 627 24 6
493 529 12 9
493 535 18 10
494 332 39 8
494 102 39 8
494 542 5 3
494 432 50 1
494 24 21 3
494 652 13 2
494 582 35 3
494 245 8 5
494 61 29 10
495 314 3 9
495 301 14 1
496 33 4 6
496 657 33 3
496 376 47 4
496 436 29 10
496 6 47 2
498 636 18 2
498 119 10 4
499 167 38 1
499 472 3 1
499 571 3 4
499 408 13 2
499 55 19 9
499 498 35 8
499 740 10 4
499 41 41 2
499 664 3 1
499 244 8 7
499 380 44 8
500 192 13 6
500 456 3 10
500 663 16 4
500 303 35 6
500 608 39 4
500 475 16 10
500 684 6 8
501 582 29 10
501 793 3 3
501 609 42 7
502 136 16 2
502 650 4 6
502 441 21 5
502 370 37 10
502 523 24 7
503 445 46 3
503 795 17 1
503 489 26 5
503 254 6 5
503 287 44 6
503 515 38 9
504 286 31 8
504 581 46 4
504 112 38 4
504 50 35 1
504 491 9 6
504 104 26 7
504 138 11 6
504 338 27 3
504 147 8 5
505 286 32 5
505 527 39 7
505 552 22 10
505 539 33 4
505 673 51 10
506 743 46 3
506 495 22 2
508 450 36 10
508 386 42 9
508 25 22 6
508 668 32 3
508 85 7 10
508 261 43 10
509 678 48 9
509 281 29 3
509 84 23 9
509 534 8 3
509 175 15 3
509 290 33 4
509 318 3 6
509 624 30 9
510 683 13 7
510 278 28 10
510 206 24 3
510 605 33 8
510 116 51 4
510 539 11 4
510 23 15 2
512 259 16 3
512 281 6 7
512 114 29 10
512 382 42 9
512 213 48 2
512 582 2 3
512 32 9 3
512 356 49 4
512 115 15 5
513 602 26 1
513 728 6 2
513 309 26 3
514 335 45 5
514 429 50 5
514 752 43 1
514 237 26 7
514 735 24 8
514 540 34 9
514 795 29 1
515 152 18 9
515 399 17 6
515 469 49 10
515 95 45 6
515 391 33 5
515 542 17 3
515 259 5 4
516 626 26 7
516 10 43 7
516 388 39 10
516 593 6 6
517 327 21 3
517 294 33 8
517 586 43 6
517 589 20 6
517 224 43 2
517 196 15 6
517 187 43 3
517 454 19 2
517 143 28 5
517 170 38 1
517 748 11 2
518 441 42 9
518 605 41 7
518 727 49 4
518 794 44 6
519 319 35 1
519 355 6 9
519 325 4 1
519 196 42 1
519 360 5 1
519 696 38 3
519 112 41 4
519 253 16 2
519 186 27 7
519 655 41 7
519 177 35 8
520 734 36 2
520 157 42 10
520 434 21 2
520 762 19 2
520 73 23 9
520 743 16 8
520 48 47 5
521 629 34 4
522 601 43 8
522 761 16 9
522 201 43 5
523 713 28 1
523 335 16 9
523 95 21 7
523 714 26 6
523 419 44 9
523 276 42 6
523 596 24 8
523 337 21 10
523 791 41 10
523 707 45 3
523 383 23 1
523 646 46 3
523 569 8 6
524 670 33 7
524 148 19 1
525 691 19 3
525 679 5 5
526 376 29 10
526 37 37 4
527 782 24 1
527 739 38 3
527 520 15 6
527 405 23 1
527 237 44 4
527 289 15 10
528 551 39 8
528 347 42 8
528 749 46 8
528 89 8 1
528 439 27 2
528 670 41 3
529 81 16 8
529 165 29 9
529 758 30 2
529 672 34 2
529 232 38 2
529 167 10 8
529 407 36 2
530 685 36 3
530 339 9 5
530 567 43 10
530 114 5 1
530 70 27 10
530 28 45 1
530 248 23 8
530 613 17 2
530 49 45 2
530 239 45 1
530 253 15 9
530 328 46 2
531 54 27 1
531 521 34 6
533 180 41 5
533 501 4 6
533 379 16 9
533 658 39 9
534 167 13 9
534 630 45 3
534 709 40 10
535 442 34 2
535 99 35 4
535 631 25 2
535 3 19 2
535 656 16 8
535 362 4 6
535 550 25 6
536 86 19 9
536 358 20 8
536 379 39 4
536 224 28 9
536 606 14 6
537 568 47 6
537 383 45 1
537 420 46 8
537 12 2 6
537 212 20 9
537 489 44 3
537 500 37 9
537 712 36 6
537 322 36 8
537 225 13 3
538 157 43 1
538 698 37 6
539 151 6 7
540 466 38 10
540 343 7 4
540 149 40 3
540 195 18 2
540 253 42 6
540 672 18 4
540 112 40 8
540 454 23 7
540 416 12 7
541 439 28 1
541 30 25 5
541 610 26 8
541 154 28 2
541 631 17 1
542 683 2 6
542 197 43 9
542 629 42 3
543 483 11 9
543 754 48 5
543 494 25 9
543 639 13 4
543 452 4 6
543 679 17 5
543 709 13 9
543 498 50 1
544 333 19 10
545 210 48 4
545 378 35 2
545 727 35 4
545 209 40 6
545 303 46 2
545 10 41 5
545 84 14 2
548 31 25 10
548 391 29 1
548 207 38 8
549 416 44 2
549 91 12 7
549 130 47 6
549 241 9 1
550 64 36 8
550 698 5 8
550 131 31 10
550 404 14 2
550 563 9 5
551 305 46 7
551 361 10 5
551 65 42 9
551 579 30 9
551 147 38 1
551 602 38 10
551 165 7 8
551 363 45 4
552 734 17 9
552 299 19 6
553 387 18 6
553 794 41 4
553 490 44 2
553 18 12 5
553 543 22 4
555 304 27 7
555 98 20 5
555 191 22 10
555 503 49 10
555 712 7 4
555 722 2 6
556 633 11 2
556 409 41 6
556 348 33 2
556 250 34 2
556 603 30 2
556 295 51 7
556 636 45 2
557 702 16 9
557 315 12 1
557 309 32 8
557 437 9 7
557 705 49 1
557 706 26 1
558 722 26 8
558 307 51 10
558 320 40 2
559 692 45 7
559 761 3 8
559 644 42 8
560 297 34 4
560 34 3 7
560 536 2 3
560 238 38 7
561 343 37 2
561 233 43 8
561 25 35 6
561 78 42 4
561 430 15 6
561 530 35 4
561 606 5 4
561 313 46 8
561 103 30 7
562 630 12 4
562 387 27 4
562 457 44 8
562 206 4 5
562 53 14 4
562 484 27 4
562 176 8 1
562 451 41 4
563 150 16 10
563 524 33 6
563 266 9 3
563 788 21 9
563 218 27 3
564 383 4 3
565 47 44 8
565 715 10 4
565 77 20 5
565 654 42 3
565 566 44 9
565 594 22 5
565 366 20 3
565 112 29 9
565 316 31 10
566 662 13 5
566 362 3 10
566 502 12 3
566 792 10 6
566 440 39 1
566 498 32 3
567 508 48 1
567 665 20 10
567 738 34 8
567 319 35 3
567 14 16 6
567 548 11 8
567 310 3 2
568 431 12 7
568 251 3 2
569 225 8 9
569 610 47 5
569 757 4 5
569 530 15 8
569 510 27 8
570 377 33 1
570 136 21 9
570 101 2 4
570 27 31 1
570 491 45 2
570 323 25 10
570 726 33 8
571 421 3 4
571 665 23 7
571 192 43 6
571 751 47 1
571 448 44 4
571 591 38 8
571 457 40 8
571 81 27 5
571 10 35 4
571 279 38 5
572 291 30 1
572 491 43 8
572 400 9 10
572 159 22 9
572 368 44 2
572 168 27 5
572 374 12 6
573 293 4 4
573 603 5 5
573 522 42 6
574 401 37 4
574 649 12 6
574 90 34 5
575 789 28 7
575 385 46 4
575 418 3 1
575 356 49 8
575 152 29 10
575 2 27 5
576 642 21 3
576 522 33 3
576 715 14 8
576 94 36 2
576 741 42 4
576 287 43 1
578 333 38 5
578 526 11 6
579 286 44 2
579 349 26 6
580 775 9 5
581 28 4 6
581 402 7 8
581 110 27 3
581 744 35 4
582 640 28 8
582 157 29 1
582 342 18 5
582 538 49 6
582 443 37 8
582 244 10 2
582 651 7 7
583 118 9 5
583 657 5 9
583 606 2 9
583 451 46 4
583 717 27 10
583 481 28 4
583 605 17 7
583 516 31 5
584 727 50 4
585 155 31 10
585 322 35 3
585 56 10 6
585 398 26 5
585 695 24 1
585 764 48 10
585 124 13 6
585 406 36 4
585 705 49 9
585 735 18 10
585 29 17 2
585 595 9 8
585 679 34 8
586 254 31 5
587 538 42 9
587 596 43 8
587 770 43 8
587 551 20 3
587 421 11 4
587 672 21 7
587 58 35 7
587 229 25 6
588 67 32 10
588 236 33 6
588 489 17 10
588 619 26 7
588 83 47 8
588 731 2 4
588 647 39 9
588 523 29 4
588 559 15 5
589 286 5 7
589 521 19 2
589 369 19 5
589 386 39 7
589 644 24 5
589 259 45 1
589 759 22 2
590 783 23 5
590 403 46 6
590 695 36 9
590 659 16 6
590 487 8 4
590 742 37 9
590 502 29 7
591 662 37 7
591 756 26 8
591 548 46 7
591 759 20 6
591 515 32 10
591 266 5 7
591 583 45 5
592 593 5 7
592 478 48 8
592 732 27 7
592 157 19 10
592 372 48 2
592 367 25 1
592 42 22 8
592 775 8 10
592 195 25 10
592 725 22 7
592 329 39 1
594 33 50 8
595 362 30 4
595 349 47 3
595 269 3 6
595 561 44 6
595 68 9 10
595 67 30 10
595 594 45 9
595 634 6 9
596 185 7 4
597 389 49 8
597 93 27 3
597 431 48 7
597 100 23 7
597 636 33 10
597 157 48 6
597 425 27 10
597 346 14 4
597 751 27 9
597 224 10 6
598 343 41 2
598 266 33 4
599 228 36 9
599 210 39 10
599 677 10 8
599 237 5 7
599 327 48 5
600 377 6 5
600 435 44 2
600 720 14 1
600 533 25 7
600 458 3 8
600 265 5 3
600 40 37 10
601 80 14 3
602 798 12 2
602 574 3 8
603 798 5 2
603 360 10 2
603 707 24 6
603 673 40 8
603 470 41 8
603 384 22 4
603 522 23 10
604 1 26 6
604 81 37 5
604 284 14 7
604 601 20 4
604 385 14 5
604 154 11 3
607 277 28 4
607 153 36 7
607 544 7 2
607 600 14 2
607 56 2 3
607 14 38 7
607 715 22 9
608 42 2 5
608 688 46 4
608 439 27 1
608 27 2 6
608 521 45 8
608 334 42 2
608 565 8 1
608 701 9 5
608 669 25 1
608 784 11 8
609 509 51 6
609 203 39 8
609 580 27 6
610 700 13 1
610 121 42 4
610 711 27 7
610 453 30 6
611 8 5 3
611 544 46 5
611 787 35 8
612 335 37 3
612 385 26 2
612 623 2 6
612 352 13 4
612 349 10 1
612 780 4 6
612 218 3 2
612 323 46 1
613 363 13 7
613 501 14 7
613 521 18 2
613 775 3 1
613 602 7 2
613 158 34 4
614 251 3 7
614 284 34 3
614 590 44 7
614 185 35 2
614 663 23 1
615 207 26 5
615 678 8 2
615 595 20 3
615 89 6 5
615 779 34 6
615 211 42 3
616 413 33 9
616 573 25 1
616 655 44 8
616 169 46 1
616 327 37 7
617 52 43 1
617 292 10 2
617 278 20 5
617 494 14 2
618 751 11 5
618 485 32 9
618 506 42 4
620 70 18 9
621 737 47 7
621 762 50 3
621 21 29 3
621 740 14 4
622 316 37 4
622 364 33 5
622 129 19 9
622 511 19 2
622 657 27 3
623 310 46 8
623 13 46 8
623 202 9 3
623 692 2 5
623 372 42 8
624 46 22 9
624 551 15 7
624 573 6 2
624 92 13 8
624 95 47 2
624 320 16 4
624 230 20 5
624 676 27 1
625 329 19 3
625 47 14 10
625 397 15 9
625 548 44 9
625 58 30 3
625 41 23 9
625 54 47 6
625 576 14 10
626 255 18 7
626 726 25 2
626 694 15 4
626 11 15 7
626 618 18 10
626 64 28 5
626 445 30 7
627 744 9 5
627 6 45 1
627 227 44 6
628 452 42 7
628 273 48 6
628 653 34 4
628 308 19 4
628 419 2 3
629 650 16 6
629 483 26 7
630 258 37 2
630 364 8 8
630 564 15 1
630 724 35 8
631 320 13 10
631 765 8 6
632 563 15 3
632 594 28 4
632 507 6 6
632 601 27 8
632 162 37 7
633 755 50 10
633 202 17 1
634 799 26 7
634 746 16 3
634 307 20 5
634 791 36 10
634 626 10 3
635 36 8 7
635 762 50 10
635 10 33 6
635 438 11 1
635 109 18 7
635 798 32 8
635 64 2 5
636 186 43 10
637 7 13 10
637 766 51 7
637 376 48 10
637 683 16 8
637 473 13 1
637 6 4 6
637 119 8 7
637 32 25 4
637 145 48 4
638 483 16 8
638 196 32 4
638 129 43 7
638 533 9 6
638 497 40 10
638 342 16 3
638 30 33 2
638 178 44 7
638 160 15 7
638 100 32 6
638 685 11 3
640 34 37 1
640 631 36 10
640 627 19 4
643 448 26 6
643 770 45 2
643 785 21 1
643 223 14 1
643 422 38 7
643 452 27 3
644 45 16 10
644 525 39 1
645 176 37 9
645 580 42 6
645 413 16 5
645 345 24 3
645 206 31 4
645 13 43 2
645 99 35 6
645 386 12 5
645 529 14 9
645 135 30 5
645 518 6 4
646 582 26 2
646 658 44 1
646 180 21 4
648 87 4 8
648 421 46 6
649 565 30 9
649 155 9 5
649 99 32 8
649 234 34 9
650 312 13 2
650 107 20 10
651 83 7 2
651 684 5 4
652 629 29 3
652 527 21 10
652 619 42 1
652 516 10 5
652 62 42 3
652 95 11 5
652 748 41 1
652 307 17 7
652 408 26 6
654 414 37 7
654 768 16 1
654 378 2 10
654 27 37 2
654 286 47 2
654 589 50 6
654 305 19 8
654 193 8 2
654 722 8 7
654 317 37 2
655 96 43 8
655 378 39 2
655 750 12 9
655 270 26 9
655 57 8 4
656 115 46 2
656 53 41 5
656 4 27 8
656 776 51 3
656 345 36 4
656 49 33 10
656 618 23 8
656 551 27 2
657 443 37 6
660 184 43 9
660 504 25 1
660 669 40 4
660 424 41 10
661 219 8 2
661 508 45 1
661 144 38 9
661 92 14 8
663 23 13 6
663 613 5 2
663 738 7 3
664 693 37 1
664 790 22 2
664 798 37 9
664 367 15 5
664 364 48 3
664 175 18 3
664 458 9 8
665 360 34 2
665 211 11 5
665 282 32 3
666 393 34 2
666 294 48 10
666 230 31 3
666 533 48 8
666 790 36 1
666 226 34 8
666 622 21 3
666 87 41 6
666 772 38 9
667 312 32 9
667 487 15 10
667 796 28 7
667 508 11 5
667 268 17 2
667 171 34 1
667 389 3 9
667 379 45 7
668 521 16 2
668 737 51 8
668 605 25 4
668 609 51 6
668 660 10 7
668 596 6 7
670 318 51 5
670 760 33 7
670 463 5 2
670 494 32 5
671 182 38 10
671 424 40 3
672 787 21 10
672 543 33 9
672 13 43 7
672 46 46 3
672 545 33 5
672 755 19 6
673 761 3 8
673 592 20 4
673 105 4 7
674 566 23 2
674 799 34 1
674 560 2 8
674 496 30 9
674 629 25 10
674 412 43 2
675 234 25 7
675 443 13 7
675 547 44 1
675 25 14 4
675 784 6 10
676 172 43 4
676 412 34 8
676 296 35 8
678 169 26 8
678 488 8 9
678 762 34 4
678 712 39 9
678 49 32 3
679 56 48 8
679 672 49 8
680 214 22 6
680 311 51 3
680 624 37 9
680 204 45 1
680 548 26 3
680 505 10 4
680 102 20 8
681 382 45 9
681 504 2 5
681 629 7 3
681 727 32 10
681 252 15 10
681 121 4 8
681 431 16 4
681 478 7 2
682 109 6 5
682 203 37 3
682 560 45 1
682 462 41 10
682 320 28 1
682 208 33 7
682 269 24 7
682 345 51 2
682 768 6 10
683 543 50 7
683 361 35 9
685 436 29 5
685 324 46 9
686 665 41 8
686 282 40 5
687 330 19 3
687 434 6 2
688 687 40 10
688 442 27 9
689 86 26 4
689 155 3 9
689 44 10 3
689 57 15 8
690 190 40 4
690 197 48 9
690 48 9 3
691 730 16 2
691 704 42 10
691 130 11 10
691 668 47 2
691 636 39 5
691 309 51 8
691 651 14 1
691 236 43 7
692 454 50 9
692 415 49 3
692 118 19 5
692 373 51 7
693 416 3 2
693 563 38 9
693 418 36 3
694 707 12 7
695 371 33 8
695 317 45 7
695 675 39 6
695 577 33 1
695 287 5 8
695 694 12 3
695 24 31 8
696 259 27 7
696 284 36 9
696 795 33 3
696 286 39 3
696 608 41 4
697 423 21 1
697 275 15 8
697 86 38 3
697 317 50 2
697 85 27 3
697 416 51 9
697 338 40 1
697 625 20 7
698 112 21 8
698 324 32 5
698 589 13 6
698 529 3 2
699 775 32 4
699 27 23 2
699 254 42 5
699 197 33 4
699 80 29 3
699 303 31 1
699 631 32 3
699 787 27 1
699 313 4 1
700 97 6 7
700 709 22 10
700 131 10 9
700 683 8 7
700 10 5 5
700 492 39 6
700 27 37 3
700 250 2 8
700 90 27 9
700 686 15 8
701 626 23 1
701 584 25 7
701 387 2 9
701 704 30 2
701 546 5 5
701 522 36 6
702 479 30 9
702 118 17 8
702 762 41 2
704 605 42 1
704 276 32 3
704 35 20 5
705 736 44 1
705 368 8 7
705 410 12 7
705 392 5 4
705 212 28 10
708 746 27 3
708 376 28 9
708 75 28 1
708 118 24 3
708 129 16 9
708 295 20 10
708 321 37 5
708 744 18 3
710 184 4 10
710 140 45 5
710 157 16 9
710 751 33 3
710 442 47 4
710 114 38 1
710 14 21 10
710 44 30 1
710 235 41 2
711 417 40 3
711 403 26 8
711 224 17 4
712 725 40 7
712 134 36 3
714 1 6 1
714 578 39 10
714 469 10 9
714 351 32 9
714 228 29 7
714 538 32 10
714 216 31 7
714 477 25 3
714 695 24 3
715 184 27 1
715 799 42 9
715 546 44 7
715 745 46 1
715 509 39 6
715 599 26 5
716 196 36 7
716 569 31 9
716 483 25 3
716 336 18 6
716 702 21 1
717 410 18 7
717 429 28 10
717 330 19 7
717 730 18 4
717 263 34 9
717 21 51 4
717 58 13 3
717 695 35 7
717 617 9 3
718 339 25 2
718 529 3 10
718 154 10 7
718 113 32 2
718 189 29 9
718 276 20 2
718 782 19 1
718 480 50 7
718 564 24 3
719 755 14 4
721 267 22 6
721 489 37 6
721 400 25 6
721 206 8 6
721 486 15 8
721 324 16 5
721 151 43 9
721 688 32 5
721 764 21 9
722 394 11 8
722 151 33 9
722 34 31 10
722 480 18 8
722 665 27 5
723 751 2 10
723 384 16 6
723 642 4 8
723 574 9 3
723 178 10 1
723 156 51 4
723 107 5 9
724 136 30 8
724 332 17 1
724 526 13 3
724 142 27 6
724 326 19 5
724 337 12 5
724 67 28 4
724 294 50 3
725 358 47 6
725 554 23 4
726 711 34 1
726 389 46 3
726 749 3 10
726 593 22 6
726 644 20 7
726 219 24 3
726 378 43 10
727 629 4 5
727 119 2 9
728 282 49 1
728 230 18 4
729 543 29 9
730 578 37 9
730 576 46 6
730 132 37 2
730 757 11 10
730 317 21 4
730 96 27 10
730 0 47 10
730 777 3 2
730 436 20 6
731 623 46 10
731 499 34 10
731 376 26 1
731 386 31 1
731 509 34 2
731 419 12 2
732 610 48 6
732 177 28 5
733 311 47 2
733 666 20 3
733 330 25 5
733 715 5 1
733 548 19 5
733 718 38 8
733 247 50 1
733 37 3 9
733 573 26 10
734 27 40 8
734 619 25 2
734 684 27 2
734 43 4 2
734 409 37 4
734 291 38 5
734 81 43 10
734 160 18 1
734 49 18 7
735 583 39 4
735 114 49 2
735 716 31 8
735 540 21 10
735 321 39 1
736 743 33 10
736 315 15 3
736 574 29 8
738 419 42 3
738 378 13 1
738 714 35 8
738 525 27 3
738 781 39 1
738 189 43 2
738 446 35 1
738 58 49 5
738 406 41 1
739 185 35 3
739 529 24 9
739 765 35 8
739 497 3 9
740 150 3 1
740 473 8 6
740 350 41 10
741 541 28 3
742 439 13 1
742 420 27 4
742 169 26 1
742 604 35 7
742 276 32 1
743 29 45 2
743 421 36 2
743 91 39 2
743 697 50 2
744 410 34 1
744 272 33 4
745 709 49 2
745 535 22 5
745 583 5 10
745 150 6 9
747 136 18 8
747 137 46 8
747 230 40 10
747 311 24 3
747 282 27 6
747 731 22 2
747 86 36 4
748 723 16 4
750 344 13 7
750 706 46 1
750 601 33 7
750 758 21 6
750 507 21 8
750 721 27 10
750 707 9 10
750 29 28 6
752 361 31 2
752 38 39 8
752 604 29 6
752 79 10 10
752 1 33 8
752 526 30 6
753 334 33 6
753 760 43 3
753 221 42 10
753 766 48 10
753 416 36 9
753 15 19 2
753 670 19 1
754 322 24 6
754 731 48 5
754 165 38 6
754 549 29 3
754 504 46 8
755 540 49 7
756 382 32 6
756 457 3 9
756 620 14 1
756 310 34 3
757 280 42 8
757 449 32 9
758 114 2 5
758 364 13 3
758 313 11 3
758 584 22 4
760 123 17 3
760 150 6 10
760 609 51 5
760 770 2 2
761 423 28 7
761 648 22 4
761 108 39 9
762 474 40 10
763 350 2 2
763 369 39 2
763 378 31 8
763 689 21 6
763 450 37 2
764 635 34 5
765 50 22 5
765 601 50 10
765 380 5 10
765 113 38 7
765 368 45 9
767 74 21 10
767 285 51 7
767 761 22 2
767 254 20 3
767 657 36 10
767 276 19 9
768 649 12 6
768 53 29 5
768 235 30 3
769 226 48 3
769 439 19 1
769 362 45 2
769 691 17 8
769 139 40 7
769 29 37 7
769 481 36 4
770 237 43 8
771 424 23 10
773 380 44 2
773 636 50 2
773 652 49 6
773 527 13 1
773 72 15 3
774 33 41 8
774 54 13 10
774 119 35 10
776 567 48 5
776 178 26 3
776 493 46 8
776 15 13 1
776 725 30 2
776 118 50 2
776 84 11 2
776 435 37 10
776 764 46 2
776 162 44 3
776 593 30 7
776 525 32 8
777 323 19 3
777 533 28 4
777 353 32 7
777 494 49 7
777 314 35 1
777 83 6 5
777 335 25 7
777 150 23 8
778 24 22 1
778 10 45 6
778 201 33 9
778 660 29 10
778 147 33 1
778 755 44 8
778 212 10 8
778 205 38 6
779 299 40 9
779 758 4 7
779 480 6 9
779 504 22 9
779 326 2 7
779 100 2 8
779 411 5 10
780 179 8 4
780 95 21 2
780 485 37 9
780 98 10 6
780 606 9 8
780 603 9 2
781 728 22 7
781 51 49 6
781 787 19 1
781 557 29 3
781 131 12 2
781 718 35 6
781 409 48 9
781 584 12 9
781 240 39 1
783 669 20 4
783 444 46 2
783 391 29 9
783 405 41 8
783 545 4 1
783 209 51 2
783 263 21 8
784 794 5 7
784 199 36 7
784 268 13 8
784 494 42 5
785 535 25 8
785 509 36 4
785 665 13 10
785 254 6 2
786 239 9 9
786 288 4 6
786 616 27 1
786 553 22 9
786 767 13 3
786 260 19 9
787 376 18 1
787 179 14 2
787 74 51 5
788 774 4 1
788 476 20 7
788 295 17 6
788 203 15 1
788 407 19 3
788 221 37 6
788 398 35 10
789 780 2 5
789 626 50 3
789 523 26 5
789 326 46 7
789 255 44 4
789 302 3 6
789 611 49 10
789 492 30 5
789 701 7 3
791 643 16 4
791 198 29 2
793 95 37 9
793 790 22 6
793 541 11 1
793 4 35 9
793 471 31 10
793 540 44 6
793 590 26 1
793 187 24 4
793 463 49 2
793 338 2 6
793 716 12 9
794 144 21 7
795 712 28 9
795 143 21 5
797 111 24 7
797 296 33 6
797 796 34 3
797 718 48 5
797 350 33 3
797 402 20 5
797 752 6 6
797 170 30 7
797 377 36 10
797 432 41 8
797 178 40 9
799 767 23 4
799 227 7 9
799 423 42 10

0 406 99
1 304 30
2 417 34
3 659 1
4 167 290
5 372 51
6 694 1
7 571 263
8 672 186
9 686 37
10 503 40
11 50 178
12 624 158
13 81 31
14 17 192
15 36 19
16 542 21
17 729 24
18 631 15
19 141 128
20 616 14
21 119 115
22 335 47
23 89 60
24 691 100
25 604 13
26 204 49
27 235 21
28 34 99
29 564 3
30 394 32
31 319 281
32 11 122
33 465 23
34 608 102
35 781 152
36 238 32
37 628 83
38 605 1
39 305 14
40 724 66
41 762 21
42 410 71
43 582 171
44 54 106
45 751 1
46 176 9
47 590 176
48 332 3
49 763 128
50 137 183
51 602 11
52 595 167
53 658 1
54 284 65
55 795 16
56 746 1
57 736 39
58 218 175
59 173 116
60 360 60
61 263 22
62 489 1
63 485 2
64 133 254
65 63 87
66 782 1
67 642 1
68 638 208
69 585 295
70 665 4
71 352 126
72 49 183
73 424 95
74 581 63
75 207 14
76 121 264
77 148 229
78 77 224
79 447 16
80 122 201
81 579 23
82 95 53
83 135 50
84 313 184
85 185 115
86 22 139
87 150 128
88 537 226
89 597 185
90 205 199
91 481 1
92 491 14
93 600 74
94 735 98
95 68 232
96 587 94
97 530 209
98 700 102
99 393 118
100 250 29
101 645 169
102 687 22
103 541 54
104 283 57
105 295 5
106 656 131
107 732 56
108 245 44
109 615 84
110 196 61
111 270 71
112 607 96
113 297 45
114 457 13
115 482 42
116 108 18
117 478 66
118 98 1
119 668 64
120 348 209
121 720 1
122 75 244
123 219 74
124 385 69
125 147 85
126 444 46
127 102 55
128 13 81
129 721 112
130 396 140
131 291 158
132 462 7
133 390 2
134 221 122
135 511 1
136 730 157
137 289 143
138 698 47
139 682 151
140 290 271
141 341 11
142 552 4
143 413 5
144 450 95
145 670 11
146 477 28
147 473 89
148 236 4
149 151 88
150 260 43
151 743 118
152 246 176
153 384 34
154 271 297
155 689 43
156 190 198
157 580 1
158 727 5
159 378 44
160 100 200
161 62 97
162 711 53
163 653 1
164 547 1
165 149 93
166 127 86
167 183 72
168 311 75
169 506 22
